id,mean,median
v37f1105c1,0.6717640536008693,0.6189844608306885
03v37f1084,0.5425959823632504,0.4980810880661011
06v80f2304,0.5013895313642178,0.4815896451473236
v47f1348c1,0.6384954981919468,0.5220329761505127
03v37f1110,0.4373353900331439,0.41655433177948
01v01f0001,1.0266435731132075,0.9970787167549133
v37f1110c2,0.4153508101359452,0.4077247977256775
v80f2304c1,0.5028353099215194,0.48392000794410706
03v37f1081,0.7272412002995643,0.6384163498878479
v37f1089c1,0.6527538324624261,0.6144465208053589
06v80f2291,0.7240583456425406,0.7162396907806396
06v80f2306,0.7768692812614806,0.7546418905258179
06v80f2286,0.717069865575905,0.6538820266723633
06v80f2298,0.5847203534348566,0.5174752473831177
80f2306 c1,0.773062063901479,0.7566787600517273
06v80f2299,0.5711095875707166,0.5009024143218994
05v56f1546,0.5957976888020833,0.5276216864585876
04v47f1344,1.0739349674936574,0.9976446032524109
03v37f1096,0.5128049229729105,0.5090650320053101
02v18f0547,0.4757808457936672,0.3881887197494507
v01f0010c1,0.8219430106026786,0.7709006071090698
02v18f0556,0.35965895189322356,0.34573858976364136
04v47f1348,0.6473268099795442,0.5209987759590149
06v80f2295,0.6466354111493644,0.5880721807479858
01v01f0008,0.8777389960207657,0.8675321936607361
03v37f1097,0.5551043231670673,0.524900496006012
03v37f1095,0.5861963797648994,0.5366369485855103
v18f0546c1,0.3747110734906113,0.3098277449607849
v37f1095c1,0.5388797480167109,0.4867638051509857
04v47f1339,1.2427429527953882,1.2157917022705078
05v56f1565,0.6872790780220104,0.6047393083572388
v37f1110c1,0.4148804146014989,0.3997134566307068
v37f1096c1,0.5210836260430481,0.5104644298553467
05v56f1558,0.5539972023885759,0.535730242729187
05v56f1548,0.5051235563858696,0.4453967213630676
01v01f0010,0.8749685834544574,0.8179946541786194
06v80f2294,0.7489360136144302,0.6850605010986328
06v80f2300,0.6544755606815733,0.5770968198776245
02v18f0535,0.40265578794747425,0.3083568513393402
02v18f0537,0.3285199463066646,0.3094678521156311
02v18f0546,0.36297421129831825,0.30306628346443176
02v18f0538,0.4055858417585784,0.35972142219543457
03v37f1105,0.6720515110341011,0.6200293302536011
02v18f0545,0.3158089189678541,0.2972274422645569
03v37f1089,0.6790646192265396,0.6354896426200867
01v01f0011,0.7062822960306943,0.6721248030662537
v37f1081c1,0.7317446069492773,0.7033073902130127
04v47f1345,1.1547550541910931,1.0798929929733276
05v56f1543,0.6602992040319501,0.5921940803527832
v47f1345c1,1.1874639045678828,1.1277735233306885
v37f1084c1,0.5228651735348443,0.478814959526062
02v18f0541,0.47261769199723247,0.4398322105407715
05v64f1783,0.7345580540057177,0.6116651296615601
03v39f1155,0.7992293819304436,0.6020646095275879
03v39f1154,0.696071212438701,0.6068006753921509
02v15f0434,0.766761109811096,0.7085254788398743
v39f1154c1,0.7046572188256492,0.6297900676727295
v39f1170c1,0.5632923626077586,0.4863346517086029
v39f1155c1,0.8065655582034423,0.6031728982925415
01v05f0144,0.969246244198907,0.9160667061805725
v14f0402c1,0.4459116996716883,0.447414368391037
01v05f0137,0.5258436880970453,0.46712633967399597
06v76f2168,0.36928490896593347,0.33426716923713684
v37f1091c2,0.6098802443716121,0.5924184322357178
05v64f1778,0.5951434992175823,0.5811372995376587
06v76f2167,0.6066459130370806,0.5395036339759827
01v08f0225,0.9577906456069591,0.868863046169281
02v14f0391,0.8078667891652961,0.757561206817627
03v39f1170,0.5014968835826158,0.45092353224754333
03v37f1091,0.6978759311325363,0.6448537707328796
05v64f1781,0.5880105845866355,0.5805284976959229
04v55f1515,0.9375046110058399,0.85892653465271
01v08f0219,1.016889000116063,1.0638291835784912
02v14f0395,0.368344737034218,0.35665076971054077
01v05f0149,0.7185210145194576,0.578706681728363
02v22f0663,0.9610417852338576,0.9443467855453491
04v43f1233,1.0931073821626618,0.9904313087463379
02v14f0402,0.4398879196113074,0.4456016719341278
20v22f0676,1.2326554008152173,1.2875977754592896
15f0450 c1,0.9112424573951264,0.8817542195320129
03v39f1148,0.6639503743158096,0.587685763835907
02v15f0450,0.8940321293718341,0.8619730472564697
01v03f0070,0.8671804342393374,0.8559936881065369
06v76f2161,0.7464713075196069,0.6608630418777466
v43f1221c1,1.1137411807513575,1.0589519739151
04v43f1221,1.154396453764096,1.0950500965118408
v37f1091c1,0.6167837634424024,0.5873976945877075
02v14f0413,0.8105364690061475,0.7729566097259521
6v80f2285c,0.6914715119676247,0.6561026573181152
02v20f0619,0.6558025206401671,0.612002968788147
01v11f0329,,
02v15f0437,0.9714396680874409,0.9001159071922302
02v15f0454,0.6493285754885836,0.6107887625694275
02v15f0662,0.955933598798284,0.9670279026031494
01v03f0077,1.1275915934500866,1.0781474113464355
v14f0411c1,0.4345887278869492,0.4120265543460846
02v14f0411,0.40720176933715063,0.3985093832015991
02v19f0591,0.6946425791911163,0.6074135303497314
02v15f0455,1.1784723018354062,1.2392195463180542
04v50f1405,0.7032636646007915,0.614020824432373
05v60f1655,0.4535197021975604,0.45036402344703674
v50f1405c1,0.732462004413755,0.6208596229553223
02v15f0427,0.7332551450695671,0.60312819480896
02v18f0536,0.3159697895139237,0.2944101095199585
06v80f2288,0.6181864747663787,0.5290101766586304
04v43f1224,0.9362926301116782,0.7563085556030273
05v60f1658,0.42804069905481185,0.4205257296562195
01v03f0084,0.7997178696560022,0.6234720349311829
01v02f0044,0.441185636893331,0.4186023771762848
06v80f2285,0.6984592631809985,0.6607735753059387
01v11f0325,0.6951207792308648,0.6375846862792969
06v76f2172,0.4594412518362714,0.3738052248954773
04v51f1435,1.397570358497509,1.2668836116790771
04v51f1419,2.0301208660078585,1.9727733135223389
02v15f0451,1.0367766616179614,0.9470747113227844
05v62f1733,0.4142123238216266,0.4095240533351898
02v14f0407,0.4662144494015381,0.479572594165802
v08f0221c1,0.8678538513183593,0.8601528406143188
05v66f1853,0.6327213695773398,0.6027684211730957
01v08f0215,0.8960276053860444,0.8900563716888428
04v46f1320,0.8726514130714076,0.73023521900177
04v50f1411,1.396408254056831,1.4155879020690918
46f1320 c1,0.8894426338165161,0.7421393990516663
v50f1411c1,1.1353777004151038,0.9949567914009094
06v70f1972,0.6743639033618839,0.5749233365058899
01v10f0280,0.8197798433138183,0.7639344930648804
06v70f1955,0.7266638321193136,0.6899847984313965
01v10f0295,1.269575838147759,1.1980565786361694
01v12f0345,1.354704296875,1.303158164024353
06v70f1980,0.8013216254703177,0.6726061701774597
01v08f0212,0.976268996280503,0.888271152973175
03v28f0828,0.7514443786681109,0.6696434617042542
01v01f0018,1.5152147623132384,1.6167727708816528
01v10f0284,0.945204530674901,0.911253809928894
05v66f1852,0.4707854094328704,0.433761328458786
51f1419 c1,2.129885211916462,1.9836217164993286
01v08f0221,0.9153444417317709,0.8992099761962891
v28f0828c1,0.6882005949618399,0.5751424431800842
v27f0819c2,0.8340546355426239,0.7574993371963501
04v50f1409,0.8672966737627484,0.652847170829773
03v28f0852,0.9932432710454705,0.8830170631408691
05v65f1803,0.644079833072268,0.5780529975891113
04v50f1413,0.9452675682961897,0.7563738226890564
03v27f0819,0.943719408466233,0.8934676647186279
02v21f0624,0.43340712113813923,0.41372379660606384
v75f2133c2,0.5656107429329675,0.4806101322174072
v75f2128c1,0.606987372978584,0.5690431594848633
03v27f0808,0.6544876982346465,0.6263837218284607
01v04f0105,0.6963833162617652,0.6357758045196533
01v06f0161,0.7110497404927588,0.6779157519340515
05v65f1828,0.5767787702602156,0.5704442262649536
03v28f0835,1.0853848140777864,0.9989221692085266
v50f1413c1,0.917010260772074,0.7432480454444885
04v50f1404,1.0641435731132076,1.0244576930999756
03v28f0842,0.8465081546258422,0.7585546970367432
02v21f0635,0.40872289723363414,0.3846558928489685
v04f0105c1,0.6696982106854839,0.6239804029464722
02v21f0648,0.4459427394224017,0.41548478603363037
v28f0848c1,0.9674848271385159,0.9102442264556885
02v21f0645,0.4790891783218585,0.4311698079109192
b05v65f827,0.5680903846352445,0.5767221450805664
02v21f0634,0.41529299777117384,0.3978657126426697
v28f0835c1,1.164926348735517,1.0613176822662354
06v75f2128,0.6330718635110294,0.5771920084953308
v28f0842c1,0.8235727843624245,0.7052146196365356
03v28f0848,0.9620110429282007,0.9141259789466858
v27f0819c1,0.9806031299238446,0.9049745202064514
04v50f1397,1.1612998102598966,1.0816706418991089
05v65f1819,0.7588197715309363,0.6533944606781006
02v21f0641,0.42149939903846156,0.3754110336303711
06v75f2133,0.5117888505571783,0.4550144672393799
v75f2133c1,0.5638548942338354,0.49809736013412476
06v75f2147,0.7338025616404074,0.6708569526672363
03v31f0918,0.9065733456941244,0.8823197484016418
04v53f1458,1.1912387025122548,1.2573305368423462
02v25f0730,0.717238993207846,0.6872441172599792
v31f0934c1,0.9120246981397088,0.8541609048843384
02v25f0747,0.6593755182666793,0.6405055522918701
04v53f1473,0.9729655228055077,0.8838646411895752
v31f0917c1,0.9262486471541446,0.8770318627357483
04v53f1461,0.9691866793676432,1.0213204622268677
02v25f0757,0.4993441049630794,0.3747018277645111
05v64f1798,0.7168588460732133,0.6759869456291199
02v25f0746,0.6613837390930986,0.6301701068878174
v31f0909c1,1.0519257920749208,0.9363783001899719
01v03f0076,0.7763014971199682,0.7885260581970215
03v31f0917,0.9275552460641572,0.8785820007324219
03v31f0910,0.9201839082174943,0.861960768699646
v31f0915c1,0.8234461416112314,0.6950474977493286
v31f0910c1,0.9444536135791641,0.9005768895149231
03v31f0924,1.236581314710193,1.1395289897918701
02v25f0743,0.6754838733709473,0.6455110311508179
01v03f0094,0.8280086651759495,0.723299503326416
06v79f2276,0.7537635337843692,0.6863272190093994
02v25f0761,0.6832978877314815,0.6413829326629639
03v31f0934,0.958152188019103,0.891606867313385
03v31f0915,0.7481294995540265,0.643073320388794
01v03f0065,0.61541748046875,0.6030954718589783
01v03f0072,0.996827156313004,0.9499313831329346
03v31f0909,1.0252987719412376,0.9160965085029602
01v03f0080,0.8028673552209895,0.6751071214675903
05v64f1785,0.6433695980969169,0.6106094121932983
06v79f2253,0.6090270918043678,0.5342893600463867
02v25f0741,0.5572771847419848,0.43373817205429077
04v53f1468,1.0904813599817962,1.099616527557373
v13f0390c1,1.0150389960219537,0.9721580743789673
06v70f1953,1.203305744993094,1.185954213142395
02v20f0599,0.5227184086055546,0.4612312912940979
02v20f0608,0.49751707564952763,0.4737722873687744
03v37f1100,0.5516156726003385,0.5063518285751343
01v13f0384,0.8375084537199173,0.7736088037490845
03v37f1083,0.6255842806574351,0.5736753940582275
02v20f0607,0.5185979821960728,0.47959885001182556
05v62f1728,0.49141194724446113,0.48407238721847534
02v20f0600,0.6210357547270184,0.5637900829315186
v37f1104c1,0.7745481218610492,0.7232967019081116
v37f1102c1,0.6073280626239574,0.5175158381462097
02v20f0621,0.4734295458703523,0.4444112479686737
02v22f0672,0.8563010821203968,0.8207172155380249
v37f1104c2,0.7768572593874423,0.727581799030304
03v37f1090,0.5546430737426962,0.5184618234634399
03v37f1104,0.7693703573258197,0.7063859105110168
05v62f1713,0.5848894838249022,0.5650801062583923
02v20f0620,0.5262834372931637,0.4835178256034851
03v37f1098,0.6423146282059263,0.5551407933235168
04v46f1323,1.154623485372683,1.036478877067566
v37f1109c1,0.6663060748387897,0.5920727252960205
v37f1088c2,0.9917019657612518,0.962814211845398
04v49f1377,0.8945687074355412,0.7583963871002197
b04v461311,1.0136665905708875,0.9536146521568298
03v37f1088,0.9091080827592427,0.7699040770530701
01v13f0390,1.0168428830187706,0.9602503776550293
05v62f1739,0.38271477635438234,0.3588026762008667
05v62f1725,0.4422309964913634,0.4307802617549896
03v37f1101,0.5947075002532042,0.5614786744117737
03v37f1109,0.6252052839412245,0.5468899607658386
v37f1101c1,0.5903293949147169,0.5529966354370117
03v37f1102,0.6026536073308691,0.511616587638855
04v49f1390,1.0906063988095238,0.928145706653595
02v20f0605,0.7899047215779622,0.6993533372879028
05v62f1732,0.44734526105867506,0.43349480628967285
v37f1088c1,1.0195389576756118,0.9823111891746521
06v70f1962,0.9574418099052756,0.9252721667289734
v49f1390c1,1.1035307468160906,0.9523000717163086
v46f1311c1,0.9599694609642029,0.8887162208557129
02v22f0666,0.43007614977671654,0.38642194867134094
06V77F2203,0.5306886299722284,0.45342910289764404
05V57F1571,0.4657325439453125,0.37309637665748596
5v57f1595c,0.4868720842319955,0.4653172492980957
V77F2195C1,0.6160940504156738,0.5065870881080627
04V54F1490,0.8054724438534279,0.6717795729637146
01V05F0145,0.7413070129833633,0.7139977216720581
05V57F1585,0.6049433367491125,0.5135223269462585
v35f1032c2,0.8547515869140625,0.6977779865264893
04V54F1508,0.7517803922322227,0.6814737915992737
01V05F0135,0.7870908326740507,0.7415915727615356
05V57F1597,0.6319724028965212,0.5868937969207764
06V77F2194,0.7677952386195364,0.724286675453186
06V77F2202,0.7690312427840209,0.68829345703125
04V54F1487,0.8006467108098186,0.7626859545707703
03v35f1024,0.6845758394930718,0.5932492613792419
01V05F0143,0.7606554533305921,0.6655635833740234
04V54F1502,0.9569068447542081,0.8866792321205139
V54F1487C1,0.8523283964715134,0.7768158912658691
06V77F2199,0.44234747008681685,0.3246001899242401
01V05F0140,1.2020144425811374,1.1262471675872803
06V77F2183,0.5962614858700319,0.5252972841262817
06V77F2200,1.1509926992470376,1.1560049057006836
03v35f1030,0.9075638596011043,0.848514974117279
03v35f1037,0.7825685939520972,0.7579521536827087
V77F2199C1,0.44395836658205656,0.3258169889450073
06V77F2195,0.6011843559069511,0.5046383142471313
V54F1488C1,0.7424780065899101,0.5921562910079956
04V54F1488,0.7172909183102054,0.5600296258926392
02v22f0678,1.087124972873264,1.0982892513275146
06V77F2204,1.0527453738267918,1.0751818418502808
03v35f1032,0.7801101456827192,0.6777661442756653
03v35f1036,0.6321846120576384,0.602552056312561
v35f1032c1,0.8169332226743512,0.7154452204704285
v35f1024c1,0.6542208487527412,0.5903910398483276
v35f1037c1,0.8207600273682406,0.7822744846343994
v22f0652c1,0.9923635107839209,1.00520920753479
v35f1024c2,0.5618997142926299,0.5302596092224121
02v22f0683,0.9311834885497874,0.7818299531936646
V57F1595C1,0.4868720842319955,0.4653172492980957
03v35f1026,0.8586046835241731,0.8418821096420288
01V05F0126,0.9133811514537593,0.8665538430213928
03v35f1025,1.0467513443587662,0.98411625623703
05V57F1587,0.5908318576589456,0.5477177500724792
02v22f0658,0.9793077216637258,0.9433568716049194
v35f1023c1,0.8064849515682657,0.7262581586837769
01V05F0124,0.5622791879448615,0.562433123588562
02v22f0654,0.5439865349980529,0.48808348178863525
03v35f1033,0.7117132388086762,0.644413411617279
04V54F1501,0.9577748824139031,0.8586077094078064
02v22f0652,0.9881408461084905,0.9916858673095703
02v35f1023,0.7936669336900987,0.7150557041168213
05V57F1595,0.49054694107794694,0.4659769535064697
04v45f1301,0.9986442382000728,0.9968022108078003
03v34f1001,0.6550509589059013,0.5226209759712219
01v08f0206,0.9625536920484767,0.7856690883636475
v34f0993c1,1.0241639672256098,0.9250860214233398
05v68f1915,0.40928929968725275,0.39256519079208374
03v34f1013,0.7418741479463499,0.6491096019744873
01v08f0203,0.8556277134292305,0.8789254426956177
v34f1011c1,0.9720418707368338,0.9809424877166748
v34f0998c1,1.1524548808677098,1.0559067726135254
03v34f0990,0.7974832597823592,0.5467420816421509
01v08f0214,0.8071661800649331,0.7873975038528442
02v25f0760,0.6078628207770624,0.5651616454124451
01v08f0220,0.9665050325432497,0.9364033937454224
04v45f1290,0.9405346703095039,0.8790114521980286
03v34f0991,0.8389827085035787,0.7186559438705444
05v68f1897,0.4203212090399595,0.41158241033554077
06v70f1966,0.8524071660942337,0.7749884724617004
01v08f0230,0.7841032749015844,0.7193959951400757
03v34f0998,1.151972095386402,1.0567035675048828
v34f0990c1,0.9894489422594785,0.6065059900283813
03v34f1011,0.9289744698660715,0.9239994287490845
05v68f1904,0.4175744467223717,0.3903278708457947
03v34f0993,1.037072445355697,0.9447568655014038
05v68f1892,0.43888212143928035,0.4327772557735443
02v25f0753,0.5356214946346061,0.517745852470398
02v25f0763,0.7083179813226419,0.6068229675292969
v34f0998c2,0.9911060918328221,0.9260567426681519
06v70f1958,0.9044289088527208,0.8273786902427673
05v68f1900,0.42007383040195917,0.4112793803215027
04v45f1294,0.91513623046875,0.7176646590232849
02v25f0748,0.4991284013605442,0.40048035979270935
04v45f1277,0.8735506474064086,0.6620270609855652
v45f1277c1,0.8613654889376136,0.6711277365684509
02v25f0737,0.5106976773333114,0.38693967461586
05v68f1896,0.4999498515096854,0.48720505833625793
03v34f1012,1.2795566365937823,1.177460789680481
06v70f1965,0.7234276482921156,0.6435426473617554
01v08f0207,0.9216561606241588,0.8936271667480469
05v68f1916,0.40803924320250984,0.38074952363967896
06v70f1957,0.9110697596526343,0.7983347773551941
01v08f0205,0.8893193489438818,0.8788852095603943
v34f1013c1,0.7493034449381305,0.6550489664077759
06v70f1971,0.8011391585122054,0.7636960744857788
06v70f1979,0.7169533004303892,0.6051837205886841
02v25f0744,0.8285182248336106,0.6937031745910645
02v25f0758,0.5521969223337986,0.5033672451972961
03v34f1002,0.8973332961933724,0.8706772327423096
06v70f1961,1.007152049262593,0.9327391982078552
04v45f1276,1.0264754974660701,0.9772728681564331
02v25f0754,0.8768651659969765,0.8071350455284119
2240133433,0.8935488405983901,0.867901086807251
v39f1172c2,0.6046985284213362,0.581678569316864
v52f1443c1,1.8350541235695423,1.8956472873687744
v15f0449c1,0.8610739686940735,0.9000271558761597
06v78f2217,1.2566912504792944,1.2731080055236816
03v39f1156,0.5351041804599224,0.5086411833763123
06v78f2220,0.9344297302555917,0.9304859638214111
v39f1174c1,0.8214387735024838,0.6684223413467407
06v78f2241,0.7871638944206155,0.7304489612579346
06v78f2240,0.8935488405983901,0.867901086807251
02v15f0463,1.232714883318983,1.2314571142196655
06v78f2218,1.0138803449270095,0.9326440691947937
v39f1163c1,0.733718837934319,0.6596511602401733
06v74f2241,0.7871638944206155,0.7304489612579346
v52f1451c1,2.158179393621005,2.2377119064331055
06v78f2234,1.0466584853761929,1.043444037437439
03v39f1163,0.7441126980482013,0.6276264786720276
v39f1172c1,0.6038698628000969,0.5812247395515442
b0215f0449,0.8422773924825709,0.8755427598953247
v39f1165c1,0.5782241986070802,0.5570915937423706
04v52f1443,1.9359479957651868,2.0173161029815674
03v39f1174,0.7965432230631511,0.6495460867881775
03v39f1172,0.5955474142366388,0.5625116229057312
03v39f1173,0.5493329208356821,0.4803811013698578
04v52f1448,1.5608766100638558,1.7004644870758057
-04 125246,1.135342724434364,1.0926886796951294
05v66f1829,0.6827776956418392,0.631406307220459
05v61f1690,0.3353688341505984,0.3203575611114502
03v39f1152,0.5600188849954044,0.5043119788169861
03v39f1165,0.5976950132747214,0.5614818334579468
04v52f1451,1.9392911391989782,2.0886805057525635
02v15f0464,0.7833449997955666,0.7267913222312927
02v15f0432,0.8405686355218654,0.6584534645080566
01v10f0292,1.308125530874684,1.2795372009277344
05v66f1835,0.6276656885466507,0.5911858081817627
02v15f0436,0.7488778475343453,0.7017643451690674
02v15f0465,1.0762579219857442,1.0320160388946533
04v52f1446,1.7094581683540497,1.6783796548843384
02v15f0440,1.1203463309151787,1.3097155094146729
01v10f0271,1.135342724434364,1.0926886796951294
05v61f1704,0.43020183240707,0.42629414796829224
04v52f1453,1.1950419335391935,1.1725168228149414
03v39f1175,0.8817865005978611,0.794157862663269
04v52f1440,1.9420154020809712,2.05379581451416
2218113630,1.0138803449270095,0.9326440691947937
04v53f1474,1.1385516107756746,1.2250479459762573
06v71f2002,0.3574717648058052,0.340079665184021
v39f1178c1,0.6229038322549559,0.5570550560951233
01v12f0346,1.2649864340728183,1.224606990814209
02v20f0611,0.38768180180521844,0.3771734833717346
02v20f0606,0.40509708649521575,0.4059329032897949
03v39f1167,0.5472483693817516,0.5205787420272827
02v19f0590,0.46792231438327075,0.44147878885269165
05v63f1752,0.6118870072490464,0.6011935472488403
03v36f1059,0.8009208206581858,0.7287136316299438
02v19f0587,0.41607673369258286,0.34461456537246704
05v63f1768,0.5715055170747423,0.5511822700500488
03v35f1034,0.9008797360957682,0.7998019456863403
04v47f1353,1.1992689542830115,1.0877721309661865
01v11f0300,0.7569858262263446,0.7058472633361816
03v39f1171,0.62232510455243,0.47953978180885315
04v53f1470,1.5257670084635417,1.3342492580413818
02v19f0592,0.5449433216073895,0.48247411847114563
03v39f1178,0.6217123459626906,0.5556015968322754
01v11f0321,0.740359924751336,0.6632294654846191
04v53f1476,0.846351484578274,0.7794044017791748
02v19f0571,0.3925641403046564,0.3403943181037903
02v19f0589,0.5033986765187937,0.396120548248291
01v11f0318,,
06v71f1990,0.47905218948581835,0.43492406606674194
03v32f0954,0.744711452174831,0.6112980842590332
04v47f1336,1.1253578093370444,1.0644890069961548
03v27f0818,0.7091042881448155,0.6310403347015381
03v27f0807,0.6961430982648136,0.5404846668243408
v19f0588c1,0.5386891226020735,0.5101315379142761
04v48f1375,0.9756950872580964,0.7838581800460815
v19f0590c1,0.48556024287820393,0.4574357569217682
03v27f0803,0.9239942352073245,0.8152313232421875
02v19f0588,0.5341664449620208,0.5033637881278992
02v26f0778,0.3984373179866116,0.3881995677947998
01v09f0241,1.3867847414466212,1.4097061157226562
04v45f1278,1.0996620361673444,0.9204597473144531
05v60f1664,0.5381419942585135,0.5246757864952087
01v01f0005,1.5422632461939103,1.5565869808197021
02v26f0776,0.8928788391470212,0.7586173415184021
06v79f2247,0.4118139249433414,0.35371488332748413
01v05f0146,0.9497010107754039,0.7607104778289795
01v09f0262,1.5035459659124066,1.4512593746185303
02v26f0784,0.36121124170077873,0.3346368670463562
04v55f1535,0.9197768429084606,0.8298277854919434
55f1535 c1,0.9384225562474109,0.8542373180389404
v45f1278c1,1.1532607381227238,1.0719561576843262
05v60f1666,0.3878016530731578,0.3799746334552765
01v01f0026,1.647813801140478,1.6709150075912476
01v05f0139,1.1500727160223598,1.203552007675171
06v71f1998,0.714648908510852,0.7150205373764038
v26f0784c1,0.3798054001094159,0.3464306592941284
01v01f0029,0.7072767372799724,0.6934383511543274
06v71f1986,0.5556968480076597,0.5020112991333008
01v05f0132,0.9631895800637001,0.9147790670394897
02v16f0493,0.4414425337822069,0.4017646908760071
v16f0484c1,0.5470998900377672,0.4855251908302307
v32f0950c1,0.8403390094276135,0.7797985076904297
06v72f2029,0.6948021030825052,0.5925537943840027
v32f0967c2,0.6320013372747748,0.5474212169647217
05v66f1845,0.7454682532374379,0.7100741863250732
v32f0967c1,0.7213713277450818,0.6029943823814392
03v32f0968,0.8478059623741452,0.7703948616981506
05v63f1756,0.5641223202778843,0.5244755148887634
02v16f0482,0.5496897387165763,0.5047633647918701
05v66f1844,0.7243196367806685,0.5908154249191284
v32f0958c1,0.703104562638243,0.6243345737457275
02v16f0497,0.47428963401100854,0.4299003481864929
04v45f1289,1.031373145391313,0.9843881130218506
03v32f0952,0.7258880892947421,0.6782191395759583
02v16f0480,0.6227517180390411,0.4763091802597046
06v72f2036,0.5569229997196167,0.47708505392074585
v32f0968c1,0.8600544948935411,0.7894591689109802
v45f1298c1,1.2112877304489549,1.1574350595474243
02v16f0475,0.42815216064453127,0.3679928183555603
02v16f0484,0.5218404073527769,0.45315444469451904
04v45f1303,0.7414810030436885,0.6605280041694641
v32f0956c1,0.7976535805808656,0.7700076103210449
05v63f1751,0.5802863661590288,0.5674254894256592
v45f1300c1,1.0843463366544699,1.0891988277435303
v16f0493c1,0.44892508744015136,0.4076646566390991
v16f0482c1,0.5457283353923669,0.5029799342155457
01v11f0314,0.4321316009588852,0.42454540729522705
04v45f1291,1.3800072986394063,1.3999805450439453
05v63f1757,0.6424777899402513,0.6473162174224854
v16f0475c1,0.41275693770505784,0.3596324920654297
03v32f0967,0.7193393303908611,0.6274011135101318
01v11f0326,0.5058939749734443,0.4820617735385895
v45f1299c1,1.0367338712005727,0.9338424801826477
06v72f2033,0.7800922053443968,0.6126558780670166
5v66f1844c,0.7290001190758026,0.5798660516738892
04v45f1299,1.0482057041099868,0.9518120288848877
03v32f0966,0.6551767773274875,0.5537629127502441
03v32f0950,0.8249696910890758,0.7425652742385864
03v32f0956,0.7858572543146782,0.7706424593925476
05v63f1767,0.6856169290968642,0.6098621487617493
04v45f1300,1.0286014926946572,0.9965644478797913
03v32f0946,0.6496975077778034,0.6190521121025085
03v32f0955,0.7247786680104044,0.5968671441078186
04v45f1298,1.2366124549278845,1.1944743394851685
03v32f0958,0.6946573529924666,0.6174683570861816
01v11f0310,,
03v37f1086,0.5988649810595211,0.4877901077270508
01v05f0123,1.05717575983122,1.0585280656814575
v73f2087c1,0.6538477390095339,0.5607669353485107
01v01f0024,1.3151987718839095,1.3211967945098877
01v01f0021,0.9781196344627934,0.931049108505249
01v05f0129,0.7921138966577292,0.7353155612945557
v73f2065c1,0.6729886210911852,0.7029466032981873
02v15f0425,0.7786411797391896,0.7221745848655701
06v73f2087,0.6128712590786284,0.5291721820831299
04v49f1380,0.9839662652841112,0.9294673204421997
01v01f0015,1.2904488759785788,1.2606730461120605
01v05f0131,1.1363786355349452,1.1495742797851562
01v10f0274,0.9373102131679919,0.9576321840286255
02v18f0561,0.48215819058352954,0.4024093449115753
v37f1086c1,0.5639697649720379,0.4727865159511566
03v36f1065,0.617644999831142,0.5829349160194397
06v73f2044,0.6907613182669559,0.6207327246665955
15f0425 c1,0.7814351186959473,0.7537297010421753
01v05f0142,0.8334741530075572,0.8173860907554626
v49f1380c1,0.9579876481322158,0.8509557247161865
02v15f0446,0.9342404136174842,0.9534183740615845
06v73f2065,0.7573992403881196,0.7134482264518738
01v13f0377,0.8627562945051706,0.800993800163269
04v50f1398,0.717681884765625,0.6573085784912109
06v75f2123,0.7557360392057915,0.7055627107620239
04v50f1408,0.7990629174087266,0.6261053681373596
06v75f2135,0.5827809190615041,0.516732931137085
06v75f2125,0.4059169481252878,0.39302176237106323
05v59f1638,0.28998304606701675,0.2772229015827179
06v75f2143,0.8156539018142299,0.8394073843955994
v28f0834c1,0.7204354447669817,0.6631957292556763
06v75f2136,0.6472080166779417,0.5850348472595215
02v23f0699,0.7206795903887621,0.6904638409614563
v23f0699c1,0.776822045640168,0.7560656070709229
01v13f0372,0.9210212387724551,0.963567852973938
01v13f0386,1.2662057016653128,1.1523360013961792
02v23f0700,0.983311130689538,0.9989681243896484
05v59f1637,0.3749034884322432,0.3369334638118744
03v28f0853,0.8523375045421512,0.8072097301483154
03v28f0830,0.8110821504548122,0.7463961243629456
05v59f1627,0.31485826097872033,0.30294299125671387
03v28f0834,0.7053996794814363,0.6309648156166077
06v75f2130,0.5363017992041577,0.4735068380832672
01v13f0385,0.9861359113689966,0.9466217756271362
03v28f0850,0.9787003851302749,0.9310629367828369
06v75f2131,0.5484051771566901,0.5347062945365906
06v75f2129,0.5544313524590164,0.5378353595733643
02v23f0696,1.159962559696844,1.1677459478378296
01v13f0370,0.9388157397750312,0.9703316688537598
04v50f1415,1.1725115260317838,0.9551059007644653
03v28f0844,0.9119443298448641,0.8625011444091797
03v28f0845,0.9752001275628717,0.7847820520401001
05v59f1630,0.2571066808218908,0.26046329736709595
03v28f0839,1.0291231984740015,0.8797922134399414
v28f0830c1,0.8563933676861702,0.7749890685081482
02v23f0694,0.8806706112132353,0.8521466255187988
05v59f1645,0.2847675281566578,0.2870274782180786
01v13f0383,1.5149767423930922,1.5261763334274292
02v23f0692,1.0274071521706198,0.9311040043830872
02v23f0702,0.7375769273290095,0.7057533264160156
03v28f0841,0.9242351131725107,0.8788948059082031
04v49f1384,0.8546194893973215,0.6529017686843872
04v50f1400,1.1441197878257128,1.1198862791061401
04v49f1379,0.5825243988248743,0.5108180046081543
05v59f1653,0.30987382746067177,0.30792731046676636
02v23f0697,0.5184788449981509,0.44879987835884094
02v23f0690,1.0497487171457454,1.0638318061828613
06v74f2097,0.5880712554394606,0.6015992164611816
01v09f0254,0.7941895733913177,0.7629624605178833
02v17f0512,0.31333855267003047,0.30009859800338745
04v46f1327,0.987862841342083,0.8170385956764221
03v30f0882,0.6812504695012019,0.532166600227356
04v55f1525,1.3946324290845218,1.1716810464859009
v46f1324c1,0.6440705503916593,0.5816518664360046
02v16f0471,0.5387344708725742,0.48073339462280273
02v16f0491,0.5619323892365716,0.486102819442749
02v15f0431,0.786036964699074,0.7774472236633301
02v16f0467,0.622013537914722,0.5678389072418213
03v34f0994,0.9368065118217925,0.8967435359954834
06v75f2132,0.4742897682675402,0.44503846764564514
03v29f0878,1.1001361461167924,1.0375971794128418
v34f0994c1,0.9882121128318584,0.9360275268554688
v55f1525c1,1.2736352089723926,1.050473690032959
01v11f0323,1.2590489747187734,1.224615216255188
01v11f0309,,
05v68f1910,0.4467270029936612,0.43534204363822937
02v17f0523,0.584271568934794,0.49645712971687317
04v46f1324,0.6440472257792066,0.5879102945327759
02v23f0693,0.9487445879203156,0.8826349973678589
v29f0879c1,0.7354509020214102,0.6480392813682556
05v68f1919,0.4701940643653441,0.4573332667350769
02v17f0520,0.5387675641125138,0.4456152021884918
06v75f2142,0.8408911294495033,0.8320825099945068
06v75f2121,0.6264855718965409,0.5955811738967896
03v29f0879,0.7185974422353159,0.634382963180542
03v36f1066,0.7890716398938085,0.7441194653511047
05v61f1711,0.35923706378481435,0.3290616571903229
03v36f1056,0.6991601809106692,0.6029055118560791
04v53f1464,1.6169420538101604,1.5705195665359497
06v69f1936,0.5294024695648006,0.4904848635196686
06v69f1930,0.49314769895273297,0.4606266915798187
03v36f1057,0.8528292745190449,0.7151588797569275
06v81f2331,0.6989606490303184,0.5851407051086426
04v53f1459,1.0223389689127604,0.843093991279602
v69f1936c1,0.5441031975387606,0.47828686237335205
04v53f1480,1.6082633699225404,1.611701488494873
03v36f1179,0.6676224193418386,0.6588819622993469
v81f2331c1,0.6914362807946702,0.5749753713607788
03v36f1071,0.7094908561895078,0.6710981130599976
03v36f1073,0.8434578045460973,0.7340604066848755
05v61f1706,0.44082774769176136,0.41762053966522217
06v69f1927,0.4903149970076346,0.4899543225765228
01v01f0033,1.3178564381634335,1.338963270187378
01v01f0019,0.7069809857536765,0.7136895656585693
04v53f1472,1.275040096370688,1.2025275230407715
02v22f0673,1.0642275729202073,1.0349031686782837
06v81f2334,0.7350444288267085,0.7368509769439697
v53f1483c1,1.7999569077089608,1.8309649229049683
v36f1073c1,0.8581736506368426,0.7564629316329956
v22f0656c1,0.4391523872325623,0.37964797019958496
01v01f0002,1.1628536284803122,1.2052029371261597
05v61f1705,0.3443376864606177,0.3353087902069092
v22f0665c1,0.868925602934392,0.8254154920578003
v01f0004c1,0.7949489744456322,0.736462414264679
v36f1056c1,0.7009771642550616,0.6058487296104431
05v61f1712,0.36844548106110236,0.351505309343338
04v53f1483,1.8311859608374823,1.8657052516937256
v36f1051c1,0.759128684650317,0.7405587434768677
02v22f0665,0.8701699697599369,0.8344386219978333
05v61f1708,0.3557480513196928,0.34995758533477783
03v36f1051,0.7612007639887258,0.7382104992866516
v53f1464 1,1.5931330018467795,1.544276237487793
03v36f1068,0.7877359342174369,0.7345685958862305
01v01f0017,1.0531416298686593,1.0138169527053833
06v69f1950,0.7127254809452532,0.6800065636634827
02v22f0682,1.2718431334222855,1.352846384048462
01v01f0004,0.7934735776578073,0.7352489829063416
02v22f0664,1.0312788315240848,0.9710314273834229
03v36f1063,0.6936515916098563,0.6435999274253845
04v53f1467,1.200505045811219,1.1807048320770264
02v22f0656,0.45720550421658257,0.43531152606010437
05v59f1634,0.32520235501802885,0.3184123635292053
v12f0362c2,0.4094808907984527,0.39628657698631287
02v24f0727,0.547314238236886,0.46427953243255615
06v73f2070,0.7107932261931591,0.6579297780990601
04v52f1437,1.47624022096068,1.4528717994689941
04v52f1445,1.5458877431556195,1.482311487197876
v52f1438c1,1.7389169483881852,1.811086893081665
02v24f0713,0.4840405804177989,0.4245811104774475
02v24f0715,0.7328787243800607,0.6938592791557312
05v59f1641,0.36660518072496334,0.34498879313468933
02v24f0708,0.6015554882511325,0.587960422039032
03v38f1133,0.5579058122594097,0.5251533389091492
v52f1447c1,1.133294113225481,0.95158451795578
06v73f2061,1.000324700881612,0.9947935342788696
v52f1445c1,1.6130265697990496,1.5580612421035767
b05v591635,0.4417766521928648,0.38567739725112915
03v38f1128,0.5824899760776958,0.48963242769241333
01v12f0341,0.849024644353981,0.7764449119567871
01v12f0359,0.9540470863456156,0.9556121826171875
03v38f1116,0.4686256882834569,0.4276195168495178
02v24f0717,0.5540902972575111,0.4867318272590637
03v39f1150,0.9325519407174151,0.735839307308197
v39f1150c1,0.9335196864577291,0.7176189422607422
04v52f1438,1.7239156898393002,1.8001561164855957
06v73f2072,0.6899629480698529,0.617450475692749
01v12f0344,1.093209628759799,1.0392481088638306
06v73f2071,0.826747200478086,0.7856590747833252
01v12f0351,0.8616036888860887,0.6325817108154297
03v38f1123,0.5786994195753529,0.5279064178466797
06v73f2076,0.6359135847492197,0.5649819374084473
01v12f0362,0.46578492058648,0.4323202669620514
05v59f1654,0.4703916368375713,0.4176607131958008
04v52f1447,1.2094188266330295,1.0166199207305908
v38f1116c1,0.4959618005997095,0.42945972084999084
v12f0362c1,0.4686932301957675,0.43942055106163025
04v51f1425,1.608176115125172,1.5826728343963623
v30f0888c1,0.8744438241381164,0.6981300115585327
02v26f0772,0.5891127262101825,0.41455262899398804
01v05f0148,0.7385051803083609,0.6647728085517883
03v30f0897,0.9204713160525868,0.8131023049354553
02v23f0686,1.1530769277283281,1.1808336973190308
v46f1310c1,0.7651876847757036,0.6789977550506592
02v26f0771,0.465036277311394,0.39890360832214355
04v45f1287,1.2356882003735326,1.0416767597198486
v45f1293c1,0.9781154017653628,0.8441872000694275
04v46f1314,0.7240323350694444,0.6641989350318909
03v30f0885,0.9543837745590965,0.8601794242858887
02v26f0795,0.3423919901142707,0.3078301250934601
01v07f0174,0.7443636770660299,0.6797579526901245
v30f0897c2,1.045164348801456,0.9884020090103149
05f0125c-1,0.8226924174881296,0.7799481153488159
v26f0764c1,0.397884647373805,0.38952794671058655
05v66f1839,0.569128918256916,0.5142070055007935
01v05f0125,0.8170365544586063,0.764070451259613
02v26f0787,0.39932432501694803,0.3774298131465912
04v45f1293,1.0208378084160727,0.8774179816246033
05v59f1642,0.29577785888174646,0.2780477702617645
02v26f0764,0.4082255226969439,0.3982137441635132
03v30f0888,0.8751650675875214,0.7011160850524902
06v69f1931,0.5564392131734729,0.5077608227729797
v81f2320c1,0.7157352784863945,0.7536690831184387
01v03f0087,0.7568852959935617,0.7371207475662231
02v23f0685,1.1085295043239705,1.174715518951416
v30f0897c1,0.985276991075331,0.8964300155639648
03v30f0889,1.2453901628407922,1.2103123664855957
v30f0887c1,0.9570450979142385,0.8014236092567444
06v81f2320,0.6537227295208089,0.6612151861190796
06v81f2319,0.5704086420388169,0.5182422995567322
02v26f0766,0.8832510077057233,0.8418908715248108
01v07f0190,0.9679918210130934,1.0326000452041626
03v30f0887,0.965147449124244,0.7957206964492798
06v81f2317,0.5136360275913292,0.47061020135879517
04v46f1310,0.8252903200545401,0.7020447254180908
03v35f1028,0.734779293581366,0.6764365434646606
02v15f0444,1.1201581477255582,1.1654952764511108
05v68f1905,0.44116454445636333,0.40819060802459717
04v47f1335,1.2013405082152062,1.196593165397644
02v15f0445,0.9066983766690798,0.9127092361450195
04v47f1340,0.8319877100052692,0.757756233215332
v47f1340c1,0.7994968503020531,0.6967995166778564
06v74f2116,0.6943245845443152,0.6176813840866089
02v15f0439,1.0135737080549099,1.0001335144042969
v35f1021c2,0.8990837868679775,0.8162600994110107
04v48f1360,1.2107866389427893,1.081565499305725
v47f1339c1,1.3243591940189912,1.2572532892227173
v35f1021c1,1.001885381137106,0.9631035923957825
05v68f1891,0.49547778047440005,0.4876061677932739
v35f1028c1,0.7355846154236051,0.6764365434646606
03v35f1041,0.6534234408674569,0.6353954076766968
06v74f2088,0.5449531215325412,0.43495041131973267
02v15f0428,0.984626087202535,0.9784612059593201
03v35f1035,0.9297084673713235,0.8077474236488342
v48f1371c1,0.9202754350142045,0.8050650358200073
v35f1040c1,1.024945178966742,0.9495569467544556
01v08f0233,1.1010748285933598,1.110032320022583
04v48f1364,1.2024706705487862,1.152469277381897
04v48f1371,0.8595508021167201,0.7640355825424194
01v08f0238,0.7572897361142792,0.7620649933815002
v35f1029c1,0.8371640159970238,0.8028897047042847
04v47f1354,1.2330503997027051,1.0877721309661865
01v35f1040,0.9937766824027874,0.9079133868217468
01v08f0226,0.8062263890316612,0.8212907314300537
04v48f1376,1.5049680105452674,1.5084446668624878
v35f1035c1,1.0410326699349395,1.0065923929214478
06v74f2091,0.8333536524681529,0.7590879797935486
01v08f0217,0.9086471037431196,0.9004815816879272
v48f1360c1,1.3062768473577657,1.1963388919830322
03v35f1029,0.8516379492050631,0.8163112998008728
05v68f1895,0.42850427373967565,0.41410204768180847
05v68f1912,0.4661267379234577,0.4203919470310211
01v08f0216,1.003809108407444,0.9877511858940125
06v74f2109,0.6684695727204624,0.5631435513496399
03v35f1021,0.9563150446564594,0.9000681042671204
06v79f2245,0.6975102770927898,0.6211588382720947
04v55f1523,1.291474486149448,1.1523898839950562
01v07f0179,0.8781588967777628,0.828407347202301
04v55f1522,0.9319319164479962,0.7425880432128906
05v65f1821,0.6250378578119306,0.6394391059875488
02v26f0791,0.8254327176377299,0.7568992376327515
06v79f2260,0.6222689428994822,0.5626801252365112
v55f1531c1,1.0520423150831653,0.9896617531776428
v55f1522c1,1.0124831669318657,0.7871701121330261
06v71f2013,0.43394564463814506,0.3521336019039154
02v26f0794,0.5228904424121772,0.4417210519313812
03v30f0883,0.9715549814929056,0.9638631343841553
05v65f1822,0.5603507407689327,0.5631234049797058
02v26f0789,0.6969246933905924,0.6573010087013245
01v07f0193,0.8294622400304773,0.747128963470459
v30f0907c1,0.7385778253728693,0.595884382724762
04v55f1516,0.9477177394825845,0.8812673091888428
v30f0883c1,1.0260481511454183,0.974387526512146
06v71f2006,0.49625066012271996,0.43462273478507996
02v26f0779,0.5025021394655477,0.4368872046470642
04v55f1512,1.2994010654197732,1.2680764198303223
01v07f0194,1.3372214833725407,1.3852275609970093
v55f1523c1,1.339758464460568,1.1826766729354858
06v71f1997,0.33846759474172855,0.3346693515777588
06v79f2257,0.9452737610915611,0.9450281858444214
06v71f1987,0.4348204058385484,0.4321392774581909
05v65f1824,0.5644190909931198,0.568272054195404
01v07f0184,0.8064836637994323,0.7612481713294983
02v26f0767,0.3977814938159699,0.32712244987487793
05v65f1809,0.6465885486621,0.6448510885238647
03v30f0902,0.7103891543318216,0.6701062917709351
04v55f1531,1.101088905983967,1.0271186828613281
06v79f2261,0.7826319233106074,0.8021075129508972
01v07f0187,0.7496288326112964,0.6993179321289062
v55f1531c2,1.118705280390372,1.0890965461730957
05v65f1825,0.9663502799399479,0.8541778922080994
04v55f1511,0.9308369731833516,0.7570101022720337
06v71f2010,0.5671512878649455,0.5254798531532288
05v65f1813,0.7243667080608652,0.7021964192390442
03v30f0907,0.7313312477289244,0.6201623678207397
02v26f0796,0.4551750162087853,0.38892242312431335
03v30f0900,0.6923049552444084,0.5289835333824158
01v07f0176,0.8238105561829825,0.7278613448143005
01v07f0185,1.045999204093041,1.1050209999084473
03v30f0892,1.0228449561775959,0.8713443279266357
05v68f1922,0.4990334542105443,0.4763195812702179
02v17f0529,0.4323263780126032,0.39922428131103516
v54f1494c1,1.0590938589036791,0.9145175218582153
02v17f0501,0.40375249388274054,0.3314427435398102
03v31f0916,0.9856397796270888,0.9713804125785828
03v31f0935,0.9025264312861969,0.7932977676391602
05v60f1672,0.5589827352495336,0.5250401496887207
02v17f0516,0.4341907865682225,0.4276033639907837
03v34f1005,1.079208614698344,0.9631134867668152
03v31f0919,0.881896817350509,0.8193051815032959
02v17f0517,0.6273943877709298,0.5077469348907471
v31f0935c1,0.9015827019210636,0.7833722233772278
v54f1509c1,1.2194562104582056,1.162591814994812
02v17f0511,0.4089841662712817,0.34270837903022766
05v68f1893,0.42026028168133067,0.3941000699996948
17f0511 c1,0.3924768459030062,0.3246878385543823
01v07f0188,0.9609924413133915,0.8710750341415405
01v10f0296,1.440313244905176,1.4872190952301025
03v34f1015,1.3007074927478903,1.3194063901901245
v31f0916c1,0.9654386795778326,0.9520057439804077
04v54f1504,0.8407026060537439,0.7621214389801025
06v76f2163,0.4593625370953956,0.3894825577735901
04v55f1513,1.0259207931219363,0.9230896234512329
v34f1005c1,1.0955855520148026,0.9608744978904724
06v76f2170,0.7187251022089889,0.6535999774932861
04v55f1526,1.1705853942291384,1.1109026670455933
v31f0919c1,0.7507797096283497,0.6842668056488037
02v17f0532,0.55202221375778,0.46614372730255127
v17f0509c1,0.44756544561568473,0.449058473110199
03v34f1016,1.4145573319788443,1.3765168190002441
05v68f1898,0.5315400766506679,0.5012673139572144
06v76f2178,0.5410468618476431,0.4943183958530426
02v17f0509,0.509653766795355,0.4825207591056824
04v54f1494,1.0480290998492325,0.8761522769927979
04v55f1510,0.8898898179647611,0.7334274649620056
05v68f1921,0.5221949174752081,0.42692360281944275
06v76f2152,0.529338561251945,0.5075235962867737
03v34f1010,1.0708394312596583,1.0265175104141235
04v54f1509,1.0947957919611981,0.9953446984291077
01v07f0173,1.3623227078880837,1.3840441703796387
v34f1010c1,0.9911211386494253,0.9479628205299377
04v47f1334,1.2698578795555178,1.1306102275848389
04v46f1316,0.537482533812994,0.49168190360069275
02v21f0632,0.43688428697883513,0.42131826281547546
06v81f2336,0.618031979287402,0.5963859558105469
02v21f0650,0.6349029031823554,0.5217306017875671
v46f1316c2,0.5260464428580381,0.4805484116077423
v45f1281c1,0.713673168893034,0.6924542784690857
06v81f2326,0.522488142007717,0.3860909938812256
v46f1316c1,0.5049555946235081,0.46594324707984924
04v47f1347,0.5526708596165526,0.470091849565506
01v07f0186,0.9158462443679729,0.810659646987915
02v24f0718,0.6219527770209439,0.5924673676490784
05v66f1851,0.733522091182829,0.5984061360359192
01v05f0128,0.8710311522679888,0.6903311014175415
02v24f0722,0.7149509569834963,0.6322236061096191
v47f1334c1,1.3157894736842106,1.1545416116714478
v05f0128c1,0.7867066756538723,0.7116045951843262
04v46f1328,0.8546634928385417,0.6833855509757996
01v04f0119,0.9373908300008986,0.8316153883934021
02v21f0626,0.4341264884434564,0.40795430541038513
04v55f1529,1.1105564073857737,0.8859516382217407
05v59f1628,0.34229009164928714,0.313698947429657
04v43f1223,1.1496446603699657,0.9048463106155396
04v45f1281,0.8684446656858766,0.7849119901657104
v24f0718c1,0.613864093503325,0.5829317569732666
06v81f2332,0.4554401506696429,0.39637404680252075
04v47f1355,1.0924032512782962,0.9974884390830994
04v55f1532,0.826844995382336,0.6928855776786804
01v07f0196,0.930711385980989,0.8909603357315063
v81f2326c1,0.553264614523041,0.4053238332271576
v55f1532c1,0.8768614932727566,0.7237369418144226
v37f1087c1,0.572418463034708,0.5283072590827942
04v47f1343,0.9202454507396878,0.7445119619369507
03v32f0945,0.753100732421875,0.700270414352417
v32f0945c1,0.6460072999738381,0.571258008480072
03v36f1058,0.8813260111945886,0.8016066551208496
03v32f0957,0.9351494037285053,0.8157922029495239
02v20f0616,0.49284007866861335,0.4814092516899109
05v64f1790,0.6498239610534634,0.6434201598167419
02v20f0610,0.4310948015695595,0.4150409400463104
01v07f0200,1.08176632170738,1.099805235862732
06v75f2139,0.40993359066286883,0.3097136616706848
03v36f1067,0.9214770027010394,0.7763446569442749
03v37f1087,0.5595402504081157,0.5205899477005005
05v64f1789,0.6041038600055467,0.571989893913269
v75f2144c1,0.6630420589921486,0.6117907166481018
v37f1082c1,0.6719905612310295,0.6335552930831909
01v06f0152,0.5535324427648186,0.5134033560752869
06v75f2146,0.5284329421228642,0.49411922693252563
06v75f2127,0.56612656368212,0.5137968063354492
02v21f0633,0.460518215013587,0.4338454306125641
v32f0945c2,0.7796142989829258,0.7284512519836426
01v07f0198,1.2983898434152743,1.3502498865127563
01v06f0170,0.7152159896780484,0.5839964151382446
06v75f2144,0.6489670508417182,0.6023007035255432
04v55f1520,1.2582595500540226,1.170267105102539
01v06f0156,0.9447075772315756,0.9430227875709534
02v21f0639,0.6380002248201438,0.6132831573486328
v36f1058c1,0.8907893631619273,0.7893111705780029
v07f0198c1,1.2826225549701415,1.3250315189361572
v21f0646c1,0.5212490359406587,0.501204252243042
02v21f0646,0.5205016673221523,0.5044874548912048
02v24f0707,0.49194124045763654,0.430117666721344
05v65f1826,0.649234878816087,0.6353837847709656
03v37f1082,0.681967381541486,0.6508214473724365
04v47f1338,0.8243242472627738,0.7290498614311218
04v55f1518,0.9603677626980429,0.7370156645774841
02v20f0596,0.545183227175758,0.46497511863708496
01v04f0097,0.4695896218039773,0.42396795749664307
06v75f2137,0.4412144545482413,0.40600985288619995
06v75f2141,0.6656149502458244,0.6029535531997681
v37f1082c2,0.6862308158693721,0.6440765857696533
02v24f0728,0.9457946134868421,0.8795139789581299
01v07f0197,1.0684397833516657,1.0454432964324951
02v16f0489,0.5993626162449732,0.5638666152954102
04v52f1449,1.3942753008804414,1.1158429384231567
01v11f0301,1.0622430348674612,0.9563033580780029
04v55f1530,0.8670228886761738,0.7376525402069092
v16f0489c1,0.5366975802709726,0.47434863448143005
01v10f0282,0.9285249827242015,0.7664491534233093
02v16f0472,0.6408125592160201,0.6000993251800537
05v68f1911,0.48306466191192793,0.45016974210739136
01v11f0306,,
v11f0301c1,1.0039518734735096,0.8986068964004517
04v48f1374,0.9900408683262327,0.879070520401001
01v06f0164,0.7372978241089357,0.6696015000343323
v16f0489c2,0.5742736089797247,0.5331346988677979
v11f0306c1,,
v16f0489c3,0.5608997318219671,0.5311480760574341
04v55f1534,0.9437592069981462,0.6753664016723633
01v07f0201,1.3844428039840047,1.4160610437393188
v16f0472c1,0.5935433420099107,0.5432409048080444
v52f1449c1,1.649155424213183,1.4552123546600342
01v11f0327,1.1756226060919261,1.12993323802948
v16f0478c1,0.4926463331239244,0.40460532903671265
v39f1161c1,0.6170170199185282,0.5351814031600952
01v09f0247,1.1397459601573188,1.1121253967285156
v16f0474c1,0.4205599739438012,0.36645281314849854
03v39f1161,0.6138760299508826,0.5405822992324829
05v62f1729,0.6346567938001093,0.6051568388938904
06v70f1954,1.0827685176317134,1.0953960418701172
v54f1500c1,0.7867866980986783,0.7039965391159058
v46f1322c1,0.6260397453178207,0.5599135160446167
02v17f0526,0.3629179473450405,0.31462085247039795
03v39f1151,0.5896673668012751,0.5363904237747192
02v17f0522,0.46921519367370185,0.36363959312438965
01v08f0237,0.9065969140073659,0.8840202689170837
02v16f0490,0.5886818902926181,0.5353226065635681
04v52f1442,1.7618994539369897,1.770476222038269
06v70f1974,0.9225650299033586,0.9337317943572998
04v46f1322,0.5782724263552127,0.5178778171539307
01v09f0245,1.3163255709134616,1.3610931634902954
02v17f0525,0.20204766507513605,0.19561704993247986
05v62f1745,0.6053971459855249,0.560481071472168
03v39f1164,0.9216235871010638,0.8396697044372559
02v16f0487,0.5035507259728773,0.42620915174484253
06v70f1968,0.6912980679266467,0.617973804473877
03v38f1135,0.6059625520179021,0.5414453744888306
03v38f1145,0.6997134380193755,0.6186990141868591
v16f0490c1,0.572596986991839,0.5216670632362366
v38f1135c1,0.6074503546333474,0.5442094206809998
v38f1145c1,0.5576109572677876,0.5428498387336731
05v62f1715,0.42205357955673994,0.4159356653690338
v16f0468c1,0.48903329886642155,0.45793700218200684
02v16f0474,0.43164402968218535,0.38096579909324646
02v16f0468,0.5067248492917388,0.46811771392822266
01v09f0260,0.9826913509728774,0.8892734050750732
01v09f0257,1.4128780641417573,1.434019923210144
03v39f1160,0.7242556179271025,0.6683288812637329
04v54f1503,0.758496312220358,0.6383457779884338
v54f1503c1,0.7516377672122554,0.6321422457695007
v54f1500c2,0.744167022581725,0.6960762143135071
04v54f1500,0.705115261637661,0.6380455493927002
v16f0487c1,0.5665781533348094,0.5599671006202698
04v54f1491,1.139135798183056,1.0200464725494385
05v65f1816,0.48509875757837145,0.48186179995536804
02v16f0478,0.4280509341386704,0.35177209973335266
02v17f0499,0.2683099418476779,0.2596367597579956
02v16f0488,0.5354107189324512,0.4861285090446472
04v52f1455,1.742056282729479,1.633304476737976
01v08f0211,0.8289474622338219,0.7685206532478333
01v08f0234,0.8511652204361028,0.8296090364456177
01v08f0222,0.9422397979853553,0.773049533367157
03v31f0920,0.7364047353157396,0.7106145620346069
02v19f0582,0.39627125564130766,0.3337440490722656
05v60f1680,0.4043592174688337,0.40117573738098145
v31f0933c1,0.6903460645300197,0.6639134287834167
06v76f2166,0.38599131266276043,0.3212015628814697
v43f1240c1,1.3721512366142914,1.3142549991607666
03v31f0933,0.6640210464792449,0.5894087553024292
v31f0925c1,1.2315450253270581,1.2060822248458862
02v19f0564,0.4582201396297356,0.42396122217178345
06v76f2159,0.422053154581551,0.3096175789833069
03v31f0925,1.1618910127060997,1.119883418083191
04v53f1478,1.4924012793183066,1.4857902526855469
06v76f2164,0.6915863215574745,0.6683222055435181
01v12f0356,0.9206075129499234,0.9227365851402283
02v19f0568,0.5349871379573171,0.4820651412010193
v31f0923c1,0.7434857472292368,0.6601407527923584
05v60f1662,0.47560903982056935,0.4675443470478058
v31f0920c1,0.5729353420640197,0.5550885200500488
03v31f0923,0.7142059056634875,0.6392565965652466
06v76f2158,0.7425517382433743,0.6234753131866455
v31f0940c1,0.9349022669507968,0.9169468879699707
05v60f1685,0.4008685411080806,0.38330236077308655
05v60f1676,0.5249846658588927,0.45870503783226013
02v19f0566,0.5008074793556601,0.47614815831184387
04v43f1234,0.8439767450035441,0.6066332459449768
01v12f0355,1.2347508021763394,1.3614873886108398
03v31f0913,1.0657550745942892,0.951179563999176
3v310938c2,0.8554309935731345,0.8407975435256958
01v12f0365,1.1938536890685327,1.0790736675262451
02v19f0583,0.4028715089310047,0.35161495208740234
03v31f0940,0.8850266276520022,0.8684659600257874
06v76f2157,0.4927779330314247,0.37877488136291504
03v31f0928,1.16689453125,1.0863536596298218
v31f0920c2,0.7194993931244765,0.7365216016769409
04v43f1225,1.357025391934065,1.3229777812957764
03v31f0921,0.8854463128929594,0.7703754901885986
04v43f1240,1.3809657929658714,1.3524538278579712
02v19f0572,0.5073657331472529,0.4805922210216522
06v76f2155,0.4270176243137669,0.41180849075317383
03v31f0938,0.7839883717183534,0.7630422115325928
76f2157 c1,0.4978870665447238,0.3954448103904724
v53f1478c1,1.4138833082359257,1.4344241619110107
01v12f0363,1.208401436540307,1.212997555732727
v31f0928c1,1.1457348277774808,1.0370936393737793
76f2155 c1,0.4358686417958202,0.42178159952163696
v31f0921c1,0.8947970248685024,0.7745401263237
02v19f0585,0.4970535244833577,0.4726858139038086
01v12f0347,1.0806800917149866,0.9707156419754028
v31f0938c1,0.9738541355839482,0.9479297995567322
76f2164 c1,0.7014886450579786,0.6504316329956055
03v27f0802,0.8248988925474476,0.6867479085922241
04v53f1460,1.3207906689164202,1.2181990146636963
03v27f0822,0.6767537486014055,0.5422753095626831
v27f0823c1,1.125439293257425,0.8903850317001343
05v57f1573,0.4905916212680165,0.4701950252056122
03v27f0810,0.7944295964853589,0.7095494866371155
05v56f1564,0.5768221703331347,0.5361341238021851
02v25f0769,0.6847746244551681,0.6704752445220947
04v53f1471,1.2908131707574904,1.2203186750411987
01v08f0229,1.0167020013051327,1.01353919506073
05v56f1552,0.4971710616859539,0.47269687056541443
01v03f0082,0.7505124424626007,0.7295961380004883
06v73f2064,0.7947062272057354,0.664298415184021
03v27f0806,0.7906071997805184,0.6862090826034546
02v25f0735,0.38013534297383955,0.36648306250572205
03v27f0823,0.9092344216462828,0.7565774321556091
03v27f0824,0.9258283342633928,0.8449621200561523
04v44f1273,1.0769058672478022,0.9907083511352539
01v08f0235,0.7881348880012531,0.6985693573951721
04v51f1432,1.5151804111067504,1.316042184829712
06v73f2062,0.8744344590585443,0.7982948422431946
v73f2062c1,0.9111114076126453,0.8093016743659973
01v03f0091,0.6190699146412038,0.5856959819793701
05v56f1562,0.5910575866699219,0.5443624258041382
v27f0806c1,0.7228192118528259,0.6269186735153198
01v08f0224,0.8600902530546765,0.8463802337646484
04v44f1265,1.2460812635517258,1.0606365203857422
02v15f0442,1.2760331172028891,1.3132778406143188
02v25f0734,0.4801795006557031,0.45323270559310913
v44f1273c1,1.0133186240046765,0.8286945819854736
v51f1432c1,1.4295752538393622,1.2670907974243164
v03f0091c1,0.6124287236687596,0.5785943269729614
02v25f0740,0.4425783089283059,0.40245917439460754
v53f1471c1,1.2939465323318167,1.224176049232483
v27f0824c1,0.9327093355730492,0.8471774458885193
01v08f0209,0.9555990441561337,0.9162845611572266
02v25f0756,0.7715554951390383,0.5901961326599121
02v15f0426,1.0011031950363005,1.036217451095581
02v25f0762,0.4186476123425388,0.40353071689605713
02V24F0704,0.4341569292808557,0.39160585403442383
01V06F0166,0.6323902089606648,0.5414420366287231
03V29F0868,0.7802567817795445,0.6882297992706299
V24F0725C1,0.672172698539886,0.6075649261474609
05V63F1770,0.6552598500150026,0.6156790256500244
03V29F0859,0.8313559809616137,0.73252272605896
03V29F0872,1.5313651736846752,1.524843692779541
06V73F2046,0.8206377249685896,0.8091708421707153
02V24F0729,0.6881983082765227,0.6523773074150085
02V24F0706,0.6422486049107143,0.5934966206550598
03V29F0864,0.6180590995772908,0.6081576347351074
06V73F2058,0.7564410387771364,0.6772762537002563
03V29F0881,0.8398739553052326,0.6875088214874268
01V06F0169,0.46314224313265695,0.4326435923576355
02V24F0724,0.5200134518589427,0.4859062731266022
05V63F1750,0.5894890201423117,0.5798889994621277
05V63F1762,0.5567806627623428,0.5543287992477417
01V06F0155,0.5937040087202905,0.5524413585662842
02V24F0712,0.6898407778532609,0.6340824365615845
04V44F1249,0.6044714005484362,0.4698950946331024
06V73F2049,1.0372300389724942,1.0857435464859009
04V44F1260,1.0943647036345108,0.9612256288528442
05V63F1773,0.5898873398587164,0.5178044438362122
01V06F0158,0.5216233556990862,0.459902286529541
04V44F1253,1.0104917440798216,0.8735994696617126
06V73F2085,0.6691524293858105,0.6299476027488708
06V73F2055,0.7563605504039264,0.7474391460418701
01V06F0153,0.6265457056130573,0.6013873815536499
02V24F0716,0.8587743732590529,0.8683581352233887
04V44F1263,0.8007459355412246,0.6789599657058716
V24F0716C1,0.863675928827542,0.8713648915290833
05V63F1772,0.6249629153481012,0.5866121053695679
02V24F0720,0.8913505604064542,0.7618857026100159
06V73F2060,0.9955316324775493,0.9419999122619629
02V24F0725,0.7107166320393139,0.6397042274475098
01V04F0101,0.5713390109643881,0.5653617978096008
04V44F1264,0.8150709345869834,0.6074565649032593
01V06F0157,1.3147598820029145,1.3658173084259033
06V73F2067,0.8016281079241784,0.7628758549690247
06V73F2074,1.012330914487933,1.0166226625442505
04V44F1268,0.59008116281731,0.4910312294960022
01v12f0334,0.40430346324673166,0.3904992938041687
02v24f0702,0.717370395725945,0.5970881581306458
06v72f2041,0.5858162204845775,0.5086873769760132
6v72f2041c,0.5750754237852863,0.49730631709098816
02v19f0576,0.47003150899816865,0.3954937756061554
05v68f1907,0.4831358482395362,0.4396882951259613
04v55f1524,1.4582018009834634,1.2375409603118896
06v72f2021,0.6498482099225642,0.49647554755210876
v18f0563c1,0.43495959097394893,0.3801412582397461
01v12f0335,1.2669012408884237,1.221064805984497
05v56f1542,0.41610847423279207,0.40792611241340637
11f0332-c1,0.5791751176883013,0.5118358731269836
04v50f1414,1.0457762810404905,0.9836392998695374
02v19f0570,0.40525388334136225,0.3564334511756897
02v18f0554,0.6464361038498099,0.4866787791252136
02v18f0549,0.3930461236060519,0.33569246530532837
01v11f0332,0.5884936311404699,0.5265913009643555
01v11f0304,,
01v12f0348,0.8786937264987679,0.7665694355964661
01v11f0307,,
04v55f1528,0.7655854096283784,0.6649631261825562
06v73f2050,0.8916705735200418,0.8997595906257629
04v55f1517,1.1766717432121874,1.1100984811782837
v55f1524c1,1.4714810240502452,1.3352851867675781
01v11f0302,1.1338203072456283,1.1416066884994507
02v18f0563,0.42682006648425497,0.3948932886123657
04v55f1533,1.1467314416549625,1.1738070249557495
v35f1031c1,0.7075657218829539,0.5734774470329285
03v32f0949,0.7759254191288686,0.7147648334503174
03v38f1115,0.5602031161000932,0.4933279752731323
02v18f0562,0.36798870610255824,0.3270125985145569
02v24f0709,0.5865003630500539,0.5318865776062012
03v38f1130,0.5727876829869539,0.5349282026290894
05v56f1556,0.8423936717034582,0.8578459024429321
v32f0949c1,0.8211269641250782,0.759229838848114
06v73f2083,0.5133036261607888,0.48568618297576904
01v07f0183,0.924243175732702,0.8820196390151978
01v07f0171,0.6674883943845481,0.6041455268859863
03v35f1031,0.6917132152936846,0.5457485318183899
01v07f0191,0.5648158184364994,0.5263383984565735
04v49f1383,1.1690700601599984,1.1569150686264038
05v65f1802,0.6306433229128979,0.6359186172485352
04v43f1248,1.849603023186199,1.8763024806976318
01v02f0066,1.187674974487727,1.276900053024292
02v22f0677,0.723217314957453,0.5997994542121887
49f1392 c1,0.9346614897984402,0.8129127025604248
01v02f0062,0.5259383178609466,0.4606110155582428
05v66f1849,0.37080765958887024,0.34890973567962646
02v25f0739,0.4950539276074683,0.4805606007575989
v39f1157c1,0.6137207937993269,0.5471164584159851
06v75f2140,0.5128296823212595,0.5006242394447327
03v30f0886,0.8582395828669711,0.8289419412612915
02v22f0674,1.1302665459603047,1.162150263786316
06v78f2221,1.367901667417241,1.3354688882827759
01v10f0294,1.0888004622136453,1.0847432613372803
03v39f1157,0.6311990026812936,0.5400359630584717
02v25f0751,0.433963873447516,0.4012034237384796
04v44f1259,1.3184535381026439,1.3571058511734009
v44f1259c1,1.3634424889605978,1.3862581253051758
v65f1802c1,0.6241768933002257,0.6253123879432678
47f1352 c1,0.9440658733408939,0.7252904176712036
v30f0886c1,0.8316451432702419,0.7897061109542847
v35f1038c1,0.8859941454356527,0.8389972448348999
04v47f1352,0.9028366898665772,0.7020035982131958
05v63f1765,0.5842749003572518,0.5561319589614868
06v78f2227,1.1323575179831984,1.121159553527832
01v02f0040,0.5479108138483659,0.5123459696769714
03v35f1038,0.8201843620557189,0.7911857962608337
04v49f1392,0.9316257468649768,0.785108745098114
06v78f2224,1.2229719682173295,1.2108429670333862
01v10f0287,0.976678141841182,0.9772142767906189
05v63f1759,0.5709665440432848,0.5474050045013428
04v47f1342,0.9197940325361208,0.8142651319503784
03v37f1107,0.4333007295252913,0.39153993129730225
06v71f1985,0.31132603195647385,0.28306323289871216
04v48f1366,1.5303973586981048,1.545011043548584
06v71f2000,0.45213876119474083,0.41943567991256714
03v37f1103,0.7234603598053022,0.6284017562866211
03v38f1143,0.5602937333329018,0.4936316907405853
03v38f1144,0.48548336527956804,0.4472295641899109
01v06f0162,0.6169763454210979,0.5628020763397217
02v26f0792,0.594428524263259,0.593990683555603
03v38f1121,0.4954845601608254,0.45286211371421814
02v15f0457,0.9915784017261293,0.9245601892471313
02v26f0788,0.5115829644516168,0.46788638830184937
05v64f1793,0.5627409474553905,0.5385364294052124
02v20f0618,0.48630972335587686,0.43886107206344604
v38f1121c1,0.4934932064248002,0.45338350534439087
v47f1349c1,0.7323172562883935,0.6329118013381958
01v03f0092,0.7519204245376052,0.6920092105865479
v37f1111c1,0.4871811159384608,0.4773075580596924
v37f1107c1,0.4291075056780867,0.39153993129730225
01v03f0081,0.6479946308490135,0.5743005275726318
02v26f0793,0.5429177755837912,0.5123821496963501
02v21f0649,0.47037146159422266,0.4426925480365753
01v04f0102,0.6715470681759913,0.638597846031189
02v21f0636,0.5728735192560317,0.5507327318191528
04v47f1349,0.7604883690820703,0.6538493633270264
03v37f1106,0.5402327655306987,0.4846220016479492
03v37f1111,0.5124357146166076,0.49551597237586975
01v06f0168,0.5176337863473123,0.4758812189102173
03v39f1177,0.5070389544377562,0.4560067653656006
06v71f2001,0.49651984572731556,0.43331316113471985
04v48f1369,1.202078737150892,1.1469532251358032
v37f1103c1,0.7367172071038569,0.6404380798339844
3v371106c1,0.5184798080775395,0.4923454821109772
02v20f0609,0.6105354854038784,0.5103826522827148
v38f1144c1,0.5321927577891248,0.48555201292037964
02v15f0459,0.4481708655196629,0.3484349250793457
01v01f0023,0.5154095569765558,0.4326094686985016
v33f0980c1,0.9424630838547837,0.8465924263000488
02v17f0518,0.4976988675301535,0.47522932291030884
01v01f0030,1.0991630168876263,1.0645904541015625
02v19f0577,0.36669370706305515,0.35314932465553284
04v50f1412,0.8711951588231931,0.7835887670516968
05v64f1788,0.6942736639492754,0.6743486523628235
01v01f0028,0.5395197950189138,0.44531717896461487
02v17f0513,0.4595848988678496,0.39332324266433716
01v01f0034,1.0983619862240288,1.0883523225784302
06v71f1994,0.6529463969273915,0.5792991518974304
05v64f1797,0.6745358155043483,0.6720108389854431
06v79f2270,0.5647939333583452,0.48369890451431274
03v31f0930,1.2295237589548127,1.1175949573516846
v17f0518c1,0.49808749205191505,0.4756823480129242
03v33f0980,0.9333242923579412,0.8259022235870361
06v79f2268,0.6952243762069874,0.6940146684646606
01v03f0066,0.7937156312286446,0.6802529692649841
v50f1416c1,0.7213923542644269,0.5990126132965088
04v50f1399,1.2583897749913375,1.1865814924240112
01v03f0083,0.7258539359918316,0.7134519219398499
03v33f0971,0.7484323541248228,0.716788649559021
v33f0985c1,0.9086612701416016,0.7999180555343628
05v64f1794,0.9092843821972092,0.826225221157074
03v29f0856,1.1198582644719726,1.0361093282699585
02v25f0733,0.5347971802873629,0.5034615397453308
v50f1399c1,1.2282409202051527,1.1665852069854736
01v01f0013,1.2266613744499744,1.198885202407837
01v05f0133,0.768325842610283,0.7375630140304565
01v12f0353,1.294681176522739,1.1710784435272217
02v25f0742,0.7207346189744299,0.5709551572799683
04v50f1416,0.7184583365967001,0.6057098507881165
02v25f0732,0.5491594416920732,0.5137849450111389
v31f0930c1,1.2601099697600273,1.1425855159759521
03v33f0985,0.920371602840801,0.8162662982940674
02v19f0584,0.40761397267115934,0.38665783405303955
04V43F1227,1.0004897315903465,0.9784823060035706
02V21F0644,0.5580194608183079,0.47717753052711487
01V04F0118,0.5227422981618721,0.46734464168548584
03V27F0798,0.6967752181475435,0.5797045826911926
01V04F0117,0.6306060437530164,0.6051031947135925
06V72F2038,0.4800968844859805,0.43902304768562317
03V27F0801,0.9692995913393863,0.8350666761398315
04V43F1237,1.438706657542825,1.3441011905670166
05V56F1545,0.6113352419725105,0.5261904001235962
02V21F0631,0.4052716810926259,0.3951522707939148
01v04f0104,0.6309161561908144,0.5936331748962402
V72F2040C1,0.5858933054849481,0.517048716545105
01V04F0121,0.7965939362716979,0.7000873684883118
V43F1237C1,1.3600909414246467,1.272281527519226
04V43F1230,1.168409798013505,1.007503628730774
V72F2040C2,0.7081045426106428,0.6509063839912415
V72F2038C1,0.4997654037659132,0.4479355812072754
03V27F0809,0.8171305522659785,0.5953102707862854
V27F0817C1,0.6236808199842437,0.52982497215271
02V21F0643,0.5372099255461071,0.5200316905975342
06V72F2040,0.6012494768415179,0.5290445685386658
02V21F0642,0.46684590814162,0.4531250298023224
3V270801C1,0.887434045876364,0.7436233758926392
V27F0798C1,0.7314416633392599,0.5982570052146912
01V04F0112,0.3889242989676339,0.3871285617351532
04V43F1238,1.697009268741191,1.62393057346344
06V72F2031,0.6233829422788054,0.3648070991039276
03V27F0817,0.6338347658586274,0.5365548133850098
01V04F0100,0.5994295031819122,0.5503576397895813
05V56F1550,0.4849405858743942,0.45983967185020447
02V21F0651,0.48939620971679687,0.44372376799583435
02V21F0629,0.429340522005627,0.4153936803340912
V51F1426C1,1.416686260259918,1.3321752548217773
03v36f1064,0.7797695394334846,0.6928136348724365
v36f1052c1,0.7972769295063832,0.7745789885520935
02v20f0593,0.5884872076888679,0.5114240646362305
v36f1061c1,0.5833752550886351,0.5074157118797302
03v36f1050,0.7947012411581503,0.5690681338310242
02v20f0594,0.6413637595201926,0.516177773475647
03v36f1070,0.640743709584536,0.5614239573478699
06V69F1944,0.5778431976277063,0.5759230852127075
04V51F1417,0.8596917119166806,0.6037594079971313
69F1938 C1,0.5341101111153792,0.5194514989852905
03v36f1049,0.8287494532357371,0.7352617979049683
1791164601,0.6234471461863857,0.6031484007835388
v36f1053c1,0.7306087099272629,0.6605393886566162
01V03F0074,0.6500650547254708,0.5941691994667053
04V51F1434,1.6110353755379865,1.676106572151184
06V69F1941,0.578990913585046,0.5173853039741516
V03F0073C1,0.7795427657370072,0.683785617351532
02v20f0598,0.5248676933399483,0.47028666734695435
v36f1069c1,0.8209508536948387,0.6941272020339966
02v20f0612,0.4362254346537794,0.43944835662841797
02v20f0614,0.5235768089157706,0.49181291460990906
06V69F1938,0.5852257507135256,0.5622071027755737
03v36f1069,0.9832741873604911,0.8743385076522827
1776125850,0.733679774065097,0.5714387893676758
01V03F0069,0.6423984790137904,0.5822911858558655
V81F2316C1,0.51016252258808,0.44489073753356934
03v36f1080,0.7471043957903153,0.7173628807067871
1787105420,0.5768485210841329,0.5661025047302246
04V51F1436,0.7529202368951613,0.5695680379867554
1786153648,0.5496038532112802,0.5578207969665527
03F0069-C1,0.6307697359091378,0.5794199705123901
01V03F0096,0.711083964131167,0.690380334854126
81F2333 C1,0.5909313019177816,0.5885363817214966
06V81F2333,0.6076594399176217,0.6184789538383484
05V64F1782,0.6538667271542606,0.5855693221092224
01V03F0073,0.7943036895881083,0.6914058923721313
06V69F1940,0.6727485936544927,0.6162838935852051
02v20f0615,0.533552579545942,0.4895262122154236
04V51F1433,1.1880663794843873,1.053789496421814
04V51F1426,1.482488003377223,1.3980867862701416
01V03F0068,0.5931355279206224,0.5441796779632568
69F1944 C1,0.5763228634368449,0.5737095475196838
04V51F1423,1.3879370647927989,1.3129924535751343
03v36f1061,0.5986513635231003,0.48792368173599243
06V81F2316,0.5381631443643162,0.464061439037323
03v36f1053,0.6872426127339457,0.6459866762161255
03v36f1052,0.791154218066156,0.7835218906402588
v36f1070c1,0.6506476021391557,0.5503271818161011
01V03F0090,0.6870294415509259,0.5919655561447144
01V03F0088,0.7424782035277062,0.694080114364624
69F1941 C1,0.5835005226048753,0.5291860699653625
01V03F0089,0.724561305861399,0.7098901867866516
05v56f1547,0.5891117260073745,0.5756748914718628
02v26f0775,0.39745576716651604,0.3860720992088318
04v44f1261,1.1452149522569444,1.092451810836792
02v22f0680,0.7399632605517192,0.7049672603607178
05v57f1584,0.584647303365932,0.5691297650337219
v30f0904c1,0.6070336004910308,0.5895837545394897
02v16f0495,0.4713091369068951,0.38254857063293457
03v30f0899,0.7413822550630365,0.6894372701644897
v30f0896c1,0.7336518812809747,0.630904495716095
04v55f1527,0.7892091977535506,0.5644689202308655
04v46f1313,0.6711950113786187,0.6216738820075989
06v74f2104,0.4942467730978261,0.37998878955841064
06v75f2126,0.4440389408926596,0.375998318195343
02v26f0769,0.44123093090920784,0.4192787706851959
v44f1261c1,1.1362711588541667,1.0863943099975586
06v75f2145,0.7785609778136121,0.7028132081031799
05v56f1559,0.5777534860079405,0.5174322128295898
v46f1313c1,0.7583526427855711,0.682280421257019
06v74f2089,0.4492803109093579,0.32610151171684265
03v30f0896,0.8089101613526176,0.7293236255645752
03v29f0869,1.1141751564155191,0.9300261735916138
04v53f1475,0.893694481599201,0.8417577147483826
05v56f1554,0.6388705181930222,0.5798768997192383
03v29f0865,0.6211677611343503,0.5951254963874817
02v16f0492,0.4626354456734736,0.4436848759651184
v16f0492c1,0.4857727190237053,0.47413262724876404
02v26f0768,0.41947951251794685,0.37779417634010315
02v22f0667,0.9404370133650118,0.8937007784843445
06v74f2092,0.883465877580054,0.8894389271736145
03v30f0904,0.6043490869393621,0.5835336446762085
01v09f0268,1.1957787013485142,1.2103514671325684
06v74f2098,0.5145864005040641,0.41048508882522583
v38f1132c1,0.574008902680725,0.5343380570411682
v38f1142c1,0.5410489864244812,0.49696478247642517
01v09f0248,0.8930209230243618,0.7830873727798462
05v60f1679,0.5319239821187323,0.5176623463630676
01v09f0239,1.2460660526037755,1.246390700340271
04v46f1317,0.8509956359863281,0.7623505592346191
02v14f0423,0.6021536677921145,0.5637957453727722
74f2108 c1,0.6340714803388926,0.6255361437797546
05v60f1686,0.5052465542529235,0.4989033341407776
04v46f1332,0.9322543498353842,0.896327018737793
03v38f1132,0.5745941298959502,0.5330905914306641
05v60f1675,0.40772662755990824,0.40313032269477844
04v46f1319,1.1469594594594594,1.1304250955581665
v46f1317c1,0.7999074151131824,0.734035074710846
04v46f1312,1.0063724551225919,0.878987193107605
05v60f1663,0.5446845033115014,0.4655361771583557
02v14f0399,0.517745187775351,0.4810924530029297
02v14f0397,0.39989282408757,0.39948776364326477
01v09f0255,1.3002789193980728,1.2897335290908813
02v14f0393,0.512904458794712,0.4731493890285492
v38f1127c1,0.5599438377720142,0.4786631166934967
v14f0423c1,0.5949654587879913,0.5561506748199463
v09f0239c1,1.2545848548747989,1.2258354425430298
06v74f2096,0.4081200384324597,0.3298420310020447
03v38f1127,0.5622320761927041,0.48741066455841064
05v60f1684,0.5355325576623043,0.5091503858566284
05v60f1668,0.4256428015278113,0.4227128326892853
06v74f2114,0.5321666309001217,0.4726473093032837
03v38f1136,0.6307704502339507,0.5779019594192505
06v74f2118,0.5298496477608677,0.3778402805328369
03v38f1139,0.6602351277019269,0.5754663348197937
01v09f0242,1.0582877365908052,1.0941226482391357
02v14f0422,0.5118268542960932,0.5219382643699646
03v38f1117,0.5438023228799144,0.4874633550643921
02v14f0419,0.5032939237706802,0.45657700300216675
05v60f1678,0.4905435955533321,0.4782644510269165
03v38f1138,0.5428856294503454,0.4897328019142151
03v38f1142,0.5479343735691392,0.5074047446250916
06v74f2106,0.42745672806670554,0.3639073371887207
04v46f1330,0.6955168085807436,0.4482567608356476
06v74f2101,0.7620677913381919,0.6702069044113159
v46f1332c1,0.969569970845481,0.9365357756614685
04v46f1333,0.6804804697246133,0.55692458152771
06v74f2108,0.5514914552397006,0.5169800519943237
02v14f0421,0.49720859640182263,0.5012634992599487
74f2108 c2,0.5866972709614071,0.6024545431137085
02v14f0414,0.4516595962944381,0.4374820291996002
v44f1251c1,1.0484054853331368,1.0360605716705322
01v01f0027,1.3754230909015697,1.3160884380340576
02v17f0515,0.4783844549005682,0.4582382142543793
02v19f0580,0.31320645367657696,0.3124944567680359
06v79f2246,0.5264844545688842,0.4021824598312378
06v81f2325,0.8119848408830275,0.7810527086257935
06v79f2264,0.707111349406023,0.6632574200630188
v50f1401c1,1.0617604810138082,0.862799346446991
04v50f1402,1.150836247917695,1.1266142129898071
05v57f1591,0.6427205269177545,0.5699158906936646
19f0580 c1,0.3274448939732143,0.316997230052948
04v48f1367,1.5140255825291635,1.4953556060791016
02v17f0528,0.3203314062223745,0.24170301854610443
02v18f0544,0.3683138760653409,0.32546621561050415
v38f1141c1,0.38081347829535933,0.3631351888179779
v18f0544c1,0.36547413008230034,0.3185011148452759
06v79f2269,0.5885544765142747,0.5258033275604248
03v31f0941,0.9037837766251474,0.7664120197296143
02v17f0533,0.5781064445589795,0.4728837311267853
05v57f1580,0.5296953359545579,0.5288604497909546
05v57f1593,0.5456994468163003,0.5150402188301086
05v60f1659,0.42724419431567684,0.42381539940834045
05v68f1923,0.5283953839310552,0.5213452577590942
01v08f0232,0.8482693970658397,0.8018147349357605
03v31f0911,0.788496581601425,0.7129062414169312
02v26f0774,0.6323101932386589,0.5959467887878418
04v44f1251,1.0977352962853772,1.0558522939682007
v81f2325c1,0.8368395282570597,0.7951803207397461
03v38f1141,0.37903406937466805,0.36309492588043213
01V01F0007,0.8297116052843065,0.7272748351097107
02v26f0765,0.48056376953125,0.40692198276519775
04v48f1361,0.8569950736968623,0.785944402217865
01v08f0227,0.3537438060619213,0.3475421965122223
v81f2329c1,0.44677617932730523,0.4093151092529297
04v50f1401,1.0367127680683517,0.867991030216217
v26f0774c1,0.6342850758363024,0.5934152603149414
06v79f2274,0.7493809224274597,0.684535026550293
02v26f0782,0.37548135928862786,0.3461032509803772
01v08f0228,0.7235942587097518,0.7294329404830933
02v18f0548,0.31442291259765626,0.30811306834220886
03v31f0929,1.0402354175934163,0.9861725568771362
06v81f2329,0.444152748820403,0.3918389678001404
05v61f1689,0.39005998588858926,0.38801833987236023
02v17f0527,0.3287398121636442,0.20519965887069702
02v18f0543,0.39379743277850754,0.38207221031188965
02v18f0560,0.34040189256855086,0.32333993911743164
04v45f1292,0.9792814138616374,0.7478119134902954
03v33f0979,1.0466540929221322,0.8857546448707581
03v36f1060,0.7457786474058977,0.6998144388198853
02v18f0539,0.43222534804773227,0.3889627456665039
v55f1536c1,1.3565253999329825,1.2802209854125977
01v02f0063,0.4212796705764287,0.38328489661216736
03v36f1062,0.7431546221465831,0.673579216003418
01v01f0020,1.526220317131917,1.4932966232299805
01v01f0031,1.5306124464091,1.524398922920227
02v18f0555,0.3959973587273316,0.37641042470932007
03v32f0962,0.6152663120003634,0.5278803110122681
01v02f0039,0.4259338882219798,0.39480435848236084
03v33f0989,1.185641220868644,1.1141966581344604
05v63f1763,0.5264407641267124,0.5198474526405334
03v33f0975,0.8435961352232609,0.7522590160369873
04v51f1431,2.0078052862419207,1.9195482730865479
03v32f0954,0.744711452174831,0.6112980842590332
04v55f1536,1.3211555032169118,1.3085905313491821
02v18f0534,0.602982922996624,0.554512619972229
v51f1431c1,1.9807486340890523,1.9227761030197144
04v51f1427,1.2887934871397453,1.131077766418457
06v78f2230,0.7868110552226028,0.7819018959999084
04v51f1421,2.0396159723381175,1.9515219926834106
06v78f2231,1.2935336551632817,1.3190979957580566
02v18f0542,0.3323071160228397,0.30707064270973206
03v36f1074,0.6876138354104663,0.6352494955062866
v18f0534c1,0.5848980998288813,0.5552085041999817
v33f0979c1,1.0679721600613614,0.8997858762741089
v33f0989c1,1.1844911725333567,1.106126070022583
v18f0560c1,0.34561926577271534,0.32443171739578247
v51f1431c2,1.90796986564261,1.8605622053146362
05v63f1746,0.6387942229252964,0.5486960411071777
02v18f0551,0.40446650256849315,0.3759387135505676
05v61f1698,0.48520371408173535,0.4062177538871765
02v14f0403,0.5323782589511148,0.4903852343559265
03v29f0880,1.4286014580876572,1.422724962234497
v73f2081c2,0.7406472867650187,0.7086658477783203
v45f1275c1,1.0892230331688597,1.0186959505081177
03v29f0876,1.1550239780970981,1.0433359146118164
03v29f0877,0.9207454418719488,0.8132773637771606
21f0623 c1,0.44562127230692156,0.3984656035900116
06v73f2077,0.9095330132378472,0.9441753625869751
v73f2081c1,0.7339823568109963,0.6925995349884033
03v29f0874,0.9738404222309883,0.7405867576599121
04v43f1243,1.1564456122889486,0.9916812777519226
03v31f0926,0.8174844786178234,0.7558719515800476
03v31f0927,1.042662841969169,0.9394522905349731
02v14f0400,0.4110641430046986,0.38407790660858154
05v61f1709,0.42965415418593517,0.36116018891334534
02v21f0623,0.4297568612215514,0.388323575258255
02v14f0412,0.44762448230421686,0.44021108746528625
06v73f2081,0.7390233578889266,0.711885929107666
02v21f0628,0.499542374278001,0.42325401306152344
06v73f2068,0.745856951950188,0.7500898241996765
v14f0410c1,0.49854183931244656,0.45216816663742065
04v45f1295,1.1180271654654899,1.0367363691329956
04v45f1296,1.127861714066663,1.0565650463104248
v05f0127c1,1.0250251017825704,0.9152052402496338
02v14f0406,0.45672949071009833,0.4677601754665375
02v14f0418,0.4416913181489845,0.42235544323921204
03v29f0871,1.206811397591817,1.0604243278503418
02v14f0410,0.4469939808786651,0.40975049138069153
v14f0410c2,0.4354844566107472,0.4091038703918457
04v45f1275,1.081606295907945,1.0113592147827148
04v45f1284,0.8214645214037885,0.7024893760681152
21f0628 c1,0.49403627010700113,0.42703306674957275
03v34f0996,0.7829112032034101,0.756655752658844
03v34f0992,1.5150473250029877,1.470005989074707
06v80f2313,0.8156807568608498,0.7952094078063965
02v23f0695,0.4825133881011567,0.40658149123191833
05v57f1579,0.5180269219043457,0.5134493112564087
05v57f1582,0.3627138715801817,0.359123557806015
03v34f1017,0.8764256136651716,0.8450398445129395
02v15f0447,0.8811639399598249,0.8069338202476501
04v54f1507,0.6926012328176787,0.5561912059783936
v34f1006c1,0.887492111000612,0.8318959474563599
04v51f1422,2.176546279698202,2.1890769004821777
04v54f1492,1.0249723377145923,0.8411105871200562
04v51f1430,1.734959321863511,1.7674816846847534
v15f0458c1,0.42491197549742954,0.343331903219223
02v15f0458,0.3661967483542337,0.32191628217697144
02v15f0430,0.9076289311654091,0.8773173093795776
02v15f0456,0.9551961621523953,0.8782812356948853
02v15f0452,1.1843589958731107,1.2231208086013794
02v23f0701,0.6231145328945584,0.5886213779449463
02v23f0687,0.7715663018627702,0.720012903213501
03v34f1008,0.9892808003759127,0.9225644469261169
06v80f2282,0.7984141855264768,0.8387554883956909
05v57f1588,0.580776702109657,0.5643675923347473
06v80f2305,0.8143037811803787,0.7662205100059509
05v57f1577,0.48332112921059683,0.4705873429775238
04v51f1429,1.8085244455645162,1.7285125255584717
03v34f0997,1.0077366957122724,0.803943395614624
04v54f1505,0.6750855206048977,0.5573354363441467
02v23f0688,0.9908912672178845,0.961732029914856
v34f1009c1,0.9554489788653923,0.8984614610671997
v54f1507c1,0.673137414923922,0.5668584108352661
v80f2305c1,0.8266670815703007,0.8174301385879517
02v15f0435,0.6772028444039876,0.6258836984634399
06v80f2309,0.4936712660711684,0.4382486343383789
03v34f1009,0.9497635470454988,0.8930160403251648
03v34f1006,0.8645819302262931,0.8448723554611206
06v80f2307,0.6056892559500674,0.5076404809951782
01v11f0305,0.6959839349678854,0.6570664644241333
v64f1792 c,0.613822830752742,0.5952423214912415
02v14f0396,0.4591187874769373,0.4117462933063507
14f0416 c1,0.5089004072170813,0.4205840229988098
02v14f0405,0.45377411993380584,0.431289404630661
06v80f2284,0.47142741259406595,0.4071693420410156
04v44f1254,0.7029929161071777,0.5520962476730347
03v29f0866,1.0951085131626075,1.0153225660324097
v31f0939c1,0.9146926124497216,0.936592698097229
03v31f0932,1.0789823917198633,1.017164945602417
02v14f0401,0.5069124700414185,0.48041626811027527
04v54f1495,0.979994089011378,0.8766872882843018
06v77f2213,0.688794494305969,0.5790242552757263
05v64f1792,0.6331573615457511,0.604410707950592
02v14f0404,0.49620274135044645,0.475386381149292
04v54f1489,0.7555435723136964,0.6229658126831055
v54f1495c1,0.982928768333422,0.8811894655227661
05v61f1702,0.45950901411935646,0.4345428943634033
v14f0405c1,0.43901998159047717,0.418826162815094
06v80f2311,0.49327705242882475,0.3766230344772339
v31f0937c1,1.048225075432786,1.0052177906036377
01v02f0064,0.6178117035128546,0.5478349328041077
03v31f0939,0.8909679710984469,0.8650176525115967
06v77f2205,0.7192268874250778,0.5243761539459229
02v14f0417,0.3571461588541667,0.3450927734375
v31f0932c1,1.0362382131823435,0.9553102850914001
02v14f0392,0.6086294302356102,0.5387024879455566
v29f0870c1,0.7152618354943826,0.6759910583496094
02v14f0416,0.5046185510108184,0.41897720098495483
03v31f0937,1.0726992513430809,1.0454007387161255
03v29f0870,0.7093980032980538,0.6753915548324585
04v44f1267,0.6990598771729034,0.47286370396614075
v54f1489c1,0.7600704594849429,0.6298978924751282
04v44f1266,1.1025344105614856,0.9571293592453003
06v79f2275,0.6805310740312772,0.6789829134941101
05v57f1574,0.5011887777774384,0.4450504183769226
01V12F0340,0.791239496657629,0.7592300772666931
02v14f0408,0.48072319472217495,0.47502878308296204
03v34f0995,1.1495513295234947,1.1583415269851685
V12F0349C1,0.5932336788366337,0.532666027545929
05v68f1925,0.48529974304803525,0.4717755913734436
06v79f2265,0.6237466387853833,0.5845133066177368
06v76f2169,0.51985375902804,0.4516395628452301
v44f1266c1,1.0345530790441178,0.8425476551055908
v23f0698c1,0.42887904621965817,0.3641235828399658
01v04f0122,0.6122500367743201,0.5810533761978149
v43f1231c1,1.587939695448201,1.5467137098312378
04v54f1506,0.9126721526586028,0.805631697177887
04v54f1496,0.9572191141419492,0.8333843350410461
06v76f2156,0.5125498275678263,0.5089750289916992
02v24f0721,0.8201422699023752,0.70107102394104
04v49f1389,0.7845352864934868,0.6509132981300354
06v71f1993,0.4853323364257813,0.4224931001663208
v76f2169c1,0.5220976963195579,0.48050200939178467
02v14f0394,0.451828125,0.45359179377555847
v24f0721c1,0.9117970369300064,0.8341675996780396
02v24f0714,0.3914208650950778,0.372201532125473
03v27f0800,0.7885868507842723,0.7481883764266968
06v76f2153,0.5890355432198434,0.5531026721000671
03v34f0999,1.0839216115755403,1.0945000648498535
04v43f1231,1.4777869674077644,1.4617021083831787
02v24f0723,0.6732157337022011,0.5901289582252502
03v30f0895,0.5476086049966149,0.459834486246109
05v56f1538,0.7160486753295068,0.6195237040519714
02v14f0409,0.4071535414543705,0.397990345954895
01v04f0113,0.8551221025519583,0.8035057783126831
v76f2153c1,0.6301063134682443,0.6158313155174255
V12F0340C1,0.750885474264531,0.7169604301452637
06v71f1999,0.4761356095889787,0.4470316767692566
06v79f2251,0.786825482617051,0.7466780543327332
01v04f0120,0.9462666369131787,0.9275200963020325
b03v280833,0.9625962320963541,0.873795747756958
04v50f1406,1.0998470851353237,0.9866628646850586
02v23f0698,0.4933306837564136,0.43118414282798767
01v12f0349,0.7293325930225606,0.658287525177002
v49f1389c1,0.7845052083333334,0.649943470954895
02v21f0630,0.4619373036449066,0.44713321328163147
06v71f2012,0.32426790256436877,0.3055170774459839
01v01f0025,1.003975693935977,0.9503721594810486
03v33f0988,1.0716430307479308,0.8942167162895203
01v02f0057,0.6534334610068733,0.6208716034889221
03v33f0986,0.860111898585871,0.7869508862495422
03v33f0981,0.8219044237880472,0.7022103667259216
05v62f1744,0.5336369453592503,0.5316272377967834
03v33f0977,0.9112152584015377,0.8188403844833374
02v17f0530,0.48231268130274263,0.41988885402679443
05v62f1719,0.5394019679019325,0.5304715633392334
v33f0987c1,0.7964308580815397,0.6904028058052063
06v79f2262,0.7469229722062813,0.6938939094543457
03v33f0984,0.9201509658604452,0.7882074117660522
v33f0981c1,0.8211406034581802,0.6870962381362915
05v62f1716,0.5290080225744913,0.5265556573867798
03v33f0972,1.0617298010102523,0.853980302810669
02v17f0519,0.2674851623626118,0.2713703215122223
02v17f0500,0.23207800892913114,0.22281992435455322
06v79f2278,0.6055789784488514,0.48932772874832153
02v15f0510,0.26939633997475226,0.27683618664741516
02v17f0502,0.35540639694563936,0.349404513835907
04v48f1365,0.9514827316409159,0.8407891988754272
04v48f1362,1.3254325620589718,1.2715685367584229
06v79f2256,0.6287048442080193,0.5719884037971497
03v33f0983,0.541717714251894,0.4767884314060211
03v33f0982,0.8492291099146793,0.7442100048065186
01v02f0041,0.6610134654274743,0.6211622953414917
06v79f2254,0.5149323515388576,0.4433271288871765
02v17f0507,0.37554809095946,0.24489149451255798
06v79f2266,0.7458188961713742,0.5836242437362671
05v62f1738,0.5128608126493661,0.5343493223190308
05v62f1723,0.5087677162854239,0.4980236291885376
05v62f1727,0.5000072377191793,0.48231446743011475
05v62f1734,0.5543364698679727,0.5422360301017761
v33f0983c1,0.823343792375493,0.7234655022621155
06v79f2271,0.48551955790082846,0.38636863231658936
v48f1365c1,0.8964421962334858,0.7579425573348999
04v48f1356,1.2698893987956488,1.2438185214996338
06v79f2255,0.5900290565416362,0.5840372443199158
04v48f1370,1.3101116003655175,1.2466237545013428
03v33f0987,0.7727770050768098,0.6755505204200745
01v03f0079,0.7907417379992103,0.7410213947296143
01v08f0204,1.219838744937408,1.1854205131530762
03v27f0804,0.9424036349630528,0.8518425226211548
02v20f0602,0.577153544832876,0.5096108913421631
03v28f0831,0.7105943633288871,0.6433578729629517
04v49f1395,1.1118594209448511,0.9483007192611694
v49f1395c1,1.142825800881069,0.9735510349273682
v49f1395c2,1.4055526664145235,1.4193408489227295
v28f0843c1,0.8702121209921003,0.7967008352279663
01v03f0086,0.7675941456401569,0.7297767400741577
02v17f0508,0.3395102487215022,0.3130244314670563
04v50f1403,0.8302089537205718,0.661615788936615
v68f1914 c,0.43182615486171605,0.414537250995636
02v14f0420,0.46976947051340845,0.4245453178882599
v03f0079c1,0.7804613572390959,0.7236740589141846
05v68f1914,0.4314738184485901,0.414967805147171
05v68f1918,0.43129340039405756,0.42916440963745117
b03v270820,0.8074879001926731,0.7562596797943115
06v70f1978,0.7228651144359572,0.6637482643127441
03v28f0843,0.8751393076682366,0.8130148649215698
01v03f0071,0.7192983873469556,0.7076613903045654
02v17f0503,0.42952064129946044,0.3709205985069275
01v08f0236,0.8934239914677438,0.8089982867240906
v17f0508c1,0.3376576264577128,0.29512396454811096
03v28f0838,0.7839614440347547,0.7424215078353882
03v28f0846,0.7562163710382438,0.6857140064239502
06v77f2196,0.7567645218292577,0.6592566967010498
06v77f2193,0.9173114343958487,0.8477243185043335
02v15f0460,1.0974263990504358,1.106252908706665
01v11f0319,0.7160777873821087,0.6403137445449829
01v04f0103,0.6485468952800519,0.6565502882003784
02v14f0514,0.2697915077209473,0.2555321455001831
05v62f1721,0.5093252876807534,0.4989725351333618
01v11f0299,,
02v17f0505,0.31342339189085244,0.2898273468017578
01v13f0389,0.7720683797960232,0.7818114757537842
01v11f0308,,
04v51f1424,1.4352998163595618,1.362085223197937
01v04f0108,0.6393982641139796,0.5910542607307434
06v73f2052,0.4514390589076113,0.40318208932876587
05v62f1718,0.5219509325275095,0.5133565664291382
b0v73f2048,0.7370721795722438,0.6769134998321533
02v23f0684,1.05258134224672,1.0393786430358887
06v73f2051,0.7373342153188345,0.6473530530929565
04v43f1239,1.1069366659894087,1.0050559043884277
02v17f0504,0.2992138221913087,0.2950271964073181
51f1424 c1,1.0551414180522292,0.9880750775337219
05v60f1674,0.3736833503735084,0.3691074848175049
05v60f1665,0.46165102178400214,0.4393538534641266
01v13f0381,0.8148561837872484,0.7570374011993408
05v60f1661,0.38310460189446305,0.3767149746417999
06v72f2042,0.8189803094822962,0.5760939121246338
02v21f0647,0.40852665401005245,0.3987215459346771
